masa_A
t	x	y
0,000000000E0	-2,362279996E1	-2,381058072E1
1,668333333E-2	-2,354794464E1	-2,392335277E1
3,336666667E-2	-2,351949706E1	-2,412199323E1
5,005000000E-2	-2,350774054E1	-2,439632029E1
6,673333333E-2	-2,349923005E1	-2,474917349E1
8,341666667E-2	-2,346740933E1	-2,515651270E1
1,001000000E-1	-2,340676112E1	-2,562445731E1
1,167833333E-1	-2,333285026E1	-2,616134181E1
1,334666667E-1	-2,323884606E1	-2,675905306E1
1,501500000E-1	-2,309130345E1	-2,747665633E1
1,668333333E-1	-2,291838516E1	-2,824155145E1
1,835166667E-1	-2,263968357E1	-2,903633223E1
2,002000000E-1	-2,231134914E1	-2,990075933E1
2,168833333E-1	-2,186725484E1	-3,076116680E1
2,335666667E-1	-2,136804984E1	-3,166997315E1
2,502500000E-1	-2,075193969E1	-3,262284387E1
2,669333333E-1	-2,004948412E1	-3,355143537E1
2,836166667E-1	-1,926725361E1	-3,446681435E1
3,003000000E-1	-1,832057433E1	-3,537769422E1
3,169833333E-1	-1,732241358E1	-3,621309728E1
3,336666667E-1	-1,620906825E1	-3,698819531E1
3,503500000E-1	-1,502893199E1	-3,769252775E1
3,670333333E-1	-1,369387785E1	-3,824513926E1
3,837166667E-1	-1,230787449E1	-3,876015218E1
4,004000000E-1	-1,085937637E1	-3,911689720E1
4,170833333E-1	-9,422001473E0	-3,934785112E1
4,337666667E-1	-7,929636310E0	-3,942596364E1
4,504500000E-1	-6,463071902E0	-3,940104103E1
4,671333333E-1	-4,997385173E0	-3,918796623E1
4,838166667E-1	-3,652478527E0	-3,889158341E1
5,005000000E-1	-2,276031461E0	-3,842661020E1
5,171833333E-1	-1,051069286E0	-3,792312930E1
5,338666667E-1	1,505413769E-1	-3,730756974E1
5,505500000E-1	1,174332340E0	-3,660903067E1
5,672333333E-1	2,197509251E0	-3,586224652E1
5,839166667E-1	3,124520791E0	-3,500626044E1
6,006000000E-1	3,969039103E0	-3,410422655E1
6,172833333E-1	4,702234380E0	-3,324110962E1
6,339666667E-1	5,353936270E0	-3,234356781E1
6,506500000E-1	5,868494495E0	-3,149080076E1
6,673333333E-1	6,316944336E0	-3,060736600E1
6,840166667E-1	6,696192873E0	-2,980502204E1
7,007000000E-1	7,004256760E0	-2,902693704E1
7,173833333E-1	7,252769120E0	-2,830767400E1
7,340666667E-1	7,442976794E0	-2,764443115E1
7,507500000E-1	7,572355964E0	-2,708388566E1
7,674333333E-1	7,672813643E0	-2,657208369E1
7,841166667E-1	7,769439989E0	-2,607871982E1
8,008000000E-1	7,831143668E0	-2,565299718E1
8,174833333E-1	7,867383810E0	-2,530822356E1
8,341666667E-1	7,880241950E0	-2,507400345E1
8,508500000E-1	7,872871713E0	-2,488387764E1
8,675333333E-1	7,861638248E0	-2,476573722E1
8,842166667E-1	7,866779946E0	-2,472907691E1
9,009000000E-1	7,869551787E0	-2,476023582E1
9,175833333E-1	7,864523108E0	-2,486979497E1
9,342666667E-1	7,862428708E0	-2,500606154E1
9,509500000E-1	7,845190741E0	-2,522922300E1
9,676333333E-1	7,797069812E0	-2,552638961E1
9,843166667E-1	7,748539292E0	-2,592967397E1
1,001000000E0	7,681586287E0	-2,637986646E1
1,017683333E0	7,603851850E0	-2,689406552E1
1,034366667E0	7,464707768E0	-2,748684730E1
1,051050000E0	7,282610700E0	-2,815410412E1
1,067733333E0	7,086101259E0	-2,883488078E1
1,084416667E0	6,776372155E0	-2,959931648E1
1,101100000E0	6,435319825E0	-3,041078510E1
1,117783333E0	6,010014167E0	-3,123144931E1
1,134466667E0	5,539923386E0	-3,209006360E1
1,151150000E0	4,928748336E0	-3,297694849E1
1,167833333E0	4,242403942E0	-3,386774490E1
1,184516667E0	3,433418551E0	-3,475694318E1
1,201200000E0	2,527314232E0	-3,554826200E1
1,217883333E0	1,538220765E0	-3,637329618E1
1,234566667E0	4,517113201E-1	-3,708771674E1
1,251250000E0	-7,322697964E-1	-3,774447726E1
1,267933333E0	-1,935364384E0	-3,830799707E1
1,284616667E0	-3,314397000E0	-3,876436839E1
1,301300000E0	-4,693933331E0	-3,910365476E1
1,317983333E0	-6,124602362E0	-3,934289365E1
1,334666667E0	-7,534870118E0	-3,941252565E1
1,351350000E0	-8,969209421E0	-3,936731848E1
1,368033333E0	-1,035426189E1	-3,921353335E1
1,384716667E0	-1,171714364E1	-3,891017534E1
1,401400000E0	-1,301592052E1	-3,853284476E1
1,418083333E0	-1,430449628E1	-3,800006267E1
1,434766667E0	-1,544680501E1	-3,744426823E1
1,451450000E0	-1,651552078E1	-3,679555427E1
1,468133333E0	-1,750725011E1	-3,609924023E1
1,484816667E0	-1,840624199E1	-3,534050300E1
1,501500000E0	-1,926598360E1	-3,456133574E1
1,518183333E0	-1,998189948E1	-3,367336445E1
1,534866667E0	-2,061260624E1	-3,287024584E1
1,551550000E0	-2,116369119E1	-3,205411153E1
1,568233333E0	-2,158691714E1	-3,125914597E1
1,584916667E0	-2,201817306E1	-3,052047486E1
1,601600000E0	-2,233656378E1	-2,978801207E1
1,618283333E0	-2,258744088E1	-2,912807796E1
1,634966667E0	-2,283401854E1	-2,850482092E1
1,651650000E0	-2,299731084E1	-2,793893412E1
1,668333333E0	-2,311668355E1	-2,743031012E1
1,685016667E0	-2,321496554E1	-2,699373907E1
1,701700000E0	-2,326531708E1	-2,661354019E1
1,718383333E0	-2,331886604E1	-2,634540427E1
1,735066667E0	-2,335446029E1	-2,610161158E1
1,751750000E0	-2,335969732E1	-2,594307593E1
1,768433333E0	-2,335637464E1	-2,585347220E1
1,785116667E0	-2,335588036E1	-2,582245100E1
1,801800000E0	-2,335654991E1	-2,589604337E1
1,818483333E0	-2,335767835E1	-2,601062309E1
1,835166667E0	-2,331700558E1	-2,623236585E1
1,851850000E0	-2,324196708E1	-2,649266204E1
1,868533333E0	-2,318752464E1	-2,684582989E1
1,885216667E0	-2,308982290E1	-2,724278848E1
1,901900000E0	-2,297335717E1	-2,772335952E1
1,918583333E0	-2,278383557E1	-2,824216077E1
1,935266667E0	-2,260060889E1	-2,886287171E1
1,951950000E0	-2,233813198E1	-2,951190926E1
1,968633333E0	-2,205660310E1	-3,025189588E1
1,985316667E0	-2,168963251E1	-3,102159976E1
2,002000000E0	-2,126303189E1	-3,178533524E1
2,018683333E0	-2,070576913E1	-3,262063565E1
2,035366667E0	-2,012716595E1	-3,342643882E1
2,052050000E0	-1,939662046E1	-3,427705425E1
2,068733333E0	-1,862384366E1	-3,510686250E1
2,085416667E0	-1,773252887E1	-3,585246225E1
2,102100000E0	-1,677055446E1	-3,660079561E1
2,118783333E0	-1,567767685E1	-3,729477787E1
2,135466667E0	-1,453440354E1	-3,793714154E1
2,152150000E0	-1,332682250E1	-3,844170911E1
2,168833333E0	-1,203455938E1	-3,886448070E1
2,185516667E0	-1,069847374E1	-3,917585473E1
2,202200000E0	-9,351400833E0	-3,938597654E1
2,218883333E0	-7,979969884E0	-3,946541635E1
2,235566667E0	-6,602481644E0	-3,942654090E1
2,252250000E0	-5,252397750E0	-3,926511355E1
2,268933333E0	-3,920957687E0	-3,899965095E1
2,285616667E0	-2,644331703E0	-3,864969173E1
2,302300000E0	-1,455680679E0	-3,819207111E1
2,318983333E0	-3,517628272E-1	-3,763062027E1
2,335666667E0	6,894285595E-1	-3,704908890E1
2,352350000E0	1,676313325E0	-3,636140213E1
2,369033333E0	2,593656268E0	-3,564108271E1
2,385716667E0	3,421603095E0	-3,485280730E1
2,402400000E0	4,117731590E0	-3,408806897E1
2,419083333E0	4,774368876E0	-3,326579878E1
2,435766667E0	5,315569883E0	-3,249016597E1
2,452450000E0	5,817386463E0	-3,171737985E1
2,469133333E0	6,246098101E0	-3,098759076E1
2,485816667E0	6,576215932E0	-3,028225094E1
2,502500000E0	6,852631108E0	-2,964758370E1
2,519183333E0	7,091052041E0	-2,905191549E1
2,535866667E0	7,255952672E0	-2,852509480E1
2,552550000E0	7,383198920E0	-2,804014731E1
2,569233333E0	7,517269457E0	-2,763876044E1
2,585916667E0	7,579044024E0	-2,730335462E1
2,602600000E0	7,620991325E0	-2,703050509E1
2,619283333E0	7,649453368E0	-2,681797335E1
2,635966667E0	7,698839892E0	-2,668253229E1
2,652650000E0	7,702869029E0	-2,658649310E1
2,669333333E0	7,713455773E0	-2,658595981E1
2,686016667E0	7,698273298E0	-2,665771758E1
2,702700000E0	7,670862448E0	-2,679052692E1
2,719383333E0	7,624164142E0	-2,699761822E1
2,736066667E0	7,554602945E0	-2,728193146E1
2,752750000E0	7,462821062E0	-2,762149991E1
2,769433333E0	7,331318919E0	-2,803719760E1
2,786116667E0	7,199146026E0	-2,851174508E1
2,802800000E0	7,031264133E0	-2,904815068E1
2,819483333E0	6,817264674E0	-2,962063547E1
2,836166667E0	6,548188487E0	-3,023369989E1
2,852850000E0	6,239439278E0	-3,093571688E1
2,869533333E0	5,842189593E0	-3,165105041E1
2,886216667E0	5,360619621E0	-3,239209829E1
2,902900000E0	4,818340741E0	-3,316799903E1
2,919583333E0	4,199201349E0	-3,396208627E1
2,936266667E0	3,485416652E0	-3,475507038E1
2,952950000E0	2,664181395E0	-3,549634322E1
2,969633333E0	1,767701035E0	-3,626554096E1
2,986316667E0	7,945756366E-1	-3,694118849E1
3,003000000E0	-2,798463062E-1	-3,756586889E1
3,019683333E0	-1,415406751E0	-3,814059071E1
3,036366667E0	-2,656017463E0	-3,861494635E1
3,053050000E0	-3,879406761E0	-3,898485939E1
3,069733333E0	-5,194679585E0	-3,926307877E1
3,086416667E0	-6,494174569E0	-3,941607122E1
3,103100000E0	-7,882094962E0	-3,943985809E1
3,119783333E0	-9,171276228E0	-3,939847049E1
3,136466667E0	-1,048992129E1	-3,922364947E1
3,153150000E0	-1,174234645E1	-3,890610166E1
3,169833333E0	-1,299639149E1	-3,851610375E1
3,186516667E0	-1,414321140E1	-3,806924564E1
3,203200000E0	-1,522445233E1	-3,754566544E1
3,219883333E0	-1,623197469E1	-3,697048153E1
3,236566667E0	-1,715872052E1	-3,634229425E1
3,253250000E0	-1,802809111E1	-3,564594300E1
3,269933333E0	-1,882485144E1	-3,493235151E1
3,286616667E0	-1,952039707E1	-3,418304380E1
3,303300000E0	-2,013263657E1	-3,344560619E1
3,319983333E0	-2,065527033E1	-3,270226180E1
3,336666667E0	-2,115003087E1	-3,207658082E1
3,353350000E0	-2,154771148E1	-3,137784495E1
3,370033333E0	-2,190874070E1	-3,076861780E1
3,386716667E0	-2,216202233E1	-3,013763642E1
3,403400000E0	-2,237282264E1	-2,960560540E1
3,420083333E0	-2,260382239E1	-2,913124977E1
3,436766667E0	-2,273924252E1	-2,872884384E1
3,453450000E0	-2,284933795E1	-2,839580656E1
3,470133333E0	-2,293131437E1	-2,814012598E1
3,486816667E0	-2,301649357E1	-2,790061565E1
3,503500000E0	-2,304148908E1	-2,773572488E1
3,520183333E0	-2,307858048E1	-2,763379058E1
3,536866667E0	-2,309019604E1	-2,760588568E1
3,553550000E0	-2,308439456E1	-2,767374902E1
3,570233333E0	-2,302259091E1	-2,780347997E1
3,586916667E0	-2,297007469E1	-2,799043748E1
3,603600000E0	-2,289336253E1	-2,822437035E1
3,620283333E0	-2,280373582E1	-2,854757013E1
3,636966667E0	-2,267018454E1	-2,892852568E1
3,653650000E0	-2,249200764E1	-2,938636649E1
3,670333333E0	-2,225855288E1	-2,985569324E1
3,687016667E0	-2,203546143E1	-3,043186494E1
3,703700000E0	-2,171838917E1	-3,103139883E1
3,720383333E0	-2,138019234E1	-3,167129545E1
3,737066667E0	-2,093306303E1	-3,233351961E1
3,753750000E0	-2,044050975E1	-3,305582465E1
3,770433333E0	-1,988794141E1	-3,381326761E1
3,787116667E0	-1,924981382E1	-3,451944182E1
3,803800000E0	-1,851401596E1	-3,522653534E1
3,820483333E0	-1,772228185E1	-3,596499954E1
3,837166667E0	-1,678742317E1	-3,661841553E1
3,853850000E0	-1,580775254E1	-3,724964864E1
3,870533333E0	-1,478827681E1	-3,784757265E1
3,887216667E0	-1,370129981E1	-3,832959177E1
3,903900000E0	-1,248630291E1	-3,875054554E1
3,920583333E0	-1,128654565E1	-3,910468351E1
3,937266667E0	-9,992802059E0	-3,932729579E1
3,953950000E0	-8,746067508E0	-3,944923364E1
3,970633333E0	-7,441705481E0	-3,945912057E1
3,987316667E0	-6,185994113E0	-3,938501583E1
4,004000000E0	-4,920840197E0	-3,921504293E1
4,020683333E0	-3,684861639E0	-3,892173465E1
4,037366667E0	-2,524918535E0	-3,856086175E1
4,054050000E0	-1,405659047E0	-3,815062807E1
4,070733333E0	-3,708679103E-1	-3,764161303E1
4,087416667E0	5,753856078E-1	-3,708363103E1
4,104100000E0	1,521034922E0	-3,643636225E1
4,120783333E0	2,382602820E0	-3,575964019E1
4,137466667E0	3,103318575E0	-3,507497920E1
4,154150000E0	3,803045045E0	-3,439239808E1
4,170833333E0	4,424682055E0	-3,369883719E1
4,187516667E0	4,941283343E0	-3,301467080E1
4,204200000E0	5,405021430E0	-3,235208905E1
4,220883333E0	5,828546997E0	-3,171596733E1
4,237566667E0	6,157800397E0	-3,111637125E1
4,254250000E0	6,437239578E0	-3,053930608E1
4,270933333E0	6,666742410E0	-2,999970750E1
4,287616667E0	6,862895047E0	-2,954977535E1
4,304300000E0	7,000378915E0	-2,918328719E1
4,320983333E0	7,125815582E0	-2,884075719E1
4,337666667E0	7,224088861E0	-2,860186779E1
4,354350000E0	7,274964901E0	-2,840116086E1
4,371033333E0	7,288672169E0	-2,827139516E1
4,387716667E0	7,330406549E0	-2,818310415E1
4,404400000E0	7,333194597E0	-2,818310241E1
4,421083333E0	7,306181532E0	-2,826407312E1
4,437766667E0	7,260002614E0	-2,838516315E1
4,454450000E0	7,207709775E0	-2,858618425E1
4,471133333E0	7,118780035E0	-2,883747087E1
4,487816667E0	7,028277271E0	-2,915163190E1
4,504500000E0	6,850376729E0	-2,956389367E1
4,521183333E0	6,662127181E0	-2,999276715E1
4,537866667E0	6,438180542E0	-3,046384680E1
4,554550000E0	6,155307356E0	-3,099356184E1
4,571233333E0	5,842380053E0	-3,159633765E1
4,587916667E0	5,468967633E0	-3,224032803E1
4,604600000E0	5,033035655E0	-3,289785818E1
4,621283333E0	4,504906761E0	-3,355625673E1
4,637966667E0	3,904998874E0	-3,424623796E1
4,654650000E0	3,252827290E0	-3,494803821E1
4,671333333E0	2,510620868E0	-3,563528910E1
4,688016667E0	1,659681246E0	-3,630017899E1
4,704700000E0	7,456322919E-1	-3,693136981E1
4,721383333E0	-2,026239314E-1	-3,750599192E1
4,738066667E0	-1,313608069E0	-3,805215132E1
4,754750000E0	-2,379624480E0	-3,847114133E1
4,771433333E0	-3,567045796E0	-3,886385999E1
4,788116667E0	-4,778189601E0	-3,914229798E1
4,804800000E0	-6,007031026E0	-3,929696336E1
4,821483333E0	-7,264978114E0	-3,938900148E1
4,838166667E0	-8,503542665E0	-3,935482141E1
4,854850000E0	-9,735935827E0	-3,927316563E1
4,871533333E0	-1,093920406E1	-3,905478896E1
4,888216667E0	-1,215022035E1	-3,876285068E1
4,904900000E0	-1,324151704E1	-3,840985833E1
4,921583333E0	-1,429727869E1	-3,796090797E1
4,938266667E0	-1,526448287E1	-3,749798119E1
4,954950000E0	-1,615280186E1	-3,700593904E1
4,971633333E0	-1,699372190E1	-3,643579650E1
4,988316667E0	-1,782000677E1	-3,580989949E1
5,005000000E0	-1,857014279E1	-3,513527236E1
5,021683333E0	-1,923041165E1	-3,446638417E1
5,038366667E0	-1,981940091E1	-3,382381163E1
5,055050000E0	-2,035223412E1	-3,320936583E1
5,071733333E0	-2,080510359E1	-3,258847411E1
5,088416667E0	-2,115072638E1	-3,203134118E1
5,105100000E0	-2,146979644E1	-3,149465098E1
5,121783333E0	-2,177618763E1	-3,099786053E1
5,138466667E0	-2,198548851E1	-3,051813153E1
5,155150000E0	-2,215415225E1	-3,013572102E1
5,171833333E0	-2,230586198E1	-2,979456671E1
5,188516667E0	-2,241357296E1	-2,950826105E1
5,205200000E0	-2,249225679E1	-2,929656425E1
5,221883333E0	-2,252902687E1	-2,915151100E1
5,238566667E0	-2,255469225E1	-2,906287395E1
5,255250000E0	-2,260863141E1	-2,904882266E1
5,271933333E0	-2,256101514E1	-2,907517714E1
5,288616667E0	-2,251190108E1	-2,918319780E1
5,305300000E0	-2,242893034E1	-2,937244320E1
5,321983333E0	-2,233681564E1	-2,960144780E1
5,338666667E0	-2,223701711E1	-2,990356186E1
5,355350000E0	-2,206187234E1	-3,024065208E1
5,372033333E0	-2,186341395E1	-3,063818561E1
5,388716667E0	-2,161870845E1	-3,109105005E1
5,405400000E0	-2,136544368E1	-3,160355203E1
5,422083333E0	-2,102039815E1	-3,214835156E1
5,438766667E0	-2,061141889E1	-3,272623895E1
5,455450000E0	-2,014085527E1	-3,333696762E1
5,472133333E0	-1,960638408E1	-3,397715200E1
5,488816667E0	-1,900496315E1	-3,459861669E1
5,505500000E0	-1,833514100E1	-3,524537527E1
5,522183333E0	-1,762793435E1	-3,591914423E1
5,538866667E0	-1,679801210E1	-3,653245975E1
5,555550000E0	-1,589604261E1	-3,713901844E1
5,572233333E0	-1,492979021E1	-3,765442911E1
5,588916667E0	-1,394583805E1	-3,813261639E1
5,605600000E0	-1,282821591E1	-3,854944889E1
5,622283333E0	-1,171897464E1	-3,891864393E1
5,638966667E0	-1,055163209E1	-3,917892243E1
5,655650000E0	-9,360117172E0	-3,937570421E1
5,672333333E0	-8,138214143E0	-3,944250115E1
5,689016667E0	-6,942445489E0	-3,941772851E1
5,705700000E0	-5,754451285E0	-3,931579898E1
5,722383333E0	-4,593011891E0	-3,913405685E1
5,739066667E0	-3,472957679E0	-3,885832641E1
5,755750000E0	-2,379844213E0	-3,849571682E1
5,772433333E0	-1,353617780E0	-3,809662933E1
5,789116667E0	-3,932058300E-1	-3,764574728E1
5,805800000E0	4,654464479E-1	-3,713471273E1
5,822483333E0	1,351432508E0	-3,656000554E1
5,839166667E0	2,146880601E0	-3,595800794E1
5,855850000E0	2,869880572E0	-3,532139349E1
5,872533333E0	3,510624658E0	-3,471239132E1
5,889216667E0	4,069792576E0	-3,409968495E1
5,905900000E0	4,600100133E0	-3,349899474E1
5,922583333E0	5,049718963E0	-3,290523584E1
5,939266667E0	5,426642771E0	-3,235505775E1
5,955950000E0	5,757869136E0	-3,184498905E1
5,972633333E0	6,043695727E0	-3,135804388E1
5,989316667E0	6,266396180E0	-3,095097909E1
6,006000000E0	6,464200324E0	-3,054009306E1
6,022683333E0	6,630923000E0	-3,021827174E1
6,039366667E0	6,750489599E0	-2,994826688E1
6,056050000E0	6,843163504E0	-2,976973814E1
6,072733333E0	6,890722355E0	-2,959651744E1
6,089416667E0	6,921901168E0	-2,952527595E1
6,106100000E0	6,947674543E0	-2,951764514E1
6,122783333E0	6,942236321E0	-2,956674391E1
6,139466667E0	6,871780314E0	-2,966803221E1
6,156150000E0	6,827218878E0	-2,984332345E1
6,172833333E0	6,725872701E0	-3,007674848E1
6,189516667E0	6,574181475E0	-3,036373654E1
6,206200000E0	6,394636707E0	-3,068901615E1
6,222883333E0	6,188034167E0	-3,107670227E1
6,239566667E0	5,944119341E0	-3,151460891E1
6,256250000E0	5,647415987E0	-3,201956027E1
6,272933333E0	5,311306847E0	-3,255277355E1
6,289616667E0	4,912190379E0	-3,312575759E1
6,306300000E0	4,430920995E0	-3,369795435E1
6,322983333E0	3,905146834E0	-3,432320657E1
6,339666667E0	3,306221703E0	-3,493949785E1
6,356350000E0	2,615043518E0	-3,555785236E1
6,373033333E0	1,873988302E0	-3,616594335E1
6,389716667E0	1,038843768E0	-3,674281599E1
6,406400000E0	1,921802336E-1	-3,728132213E1
6,423083333E0	-7,783871176E-1	-3,782457293E1
6,439766667E0	-1,784537764E0	-3,826384293E1
6,456450000E0	-2,838889994E0	-3,865023107E1
6,473133333E0	-3,946055832E0	-3,895131119E1
6,489816667E0	-5,086852804E0	-3,921502946E1
6,506500000E0	-6,241823087E0	-3,938336018E1
6,523183333E0	-7,453162544E0	-3,943841693E1
6,539866667E0	-8,612964855E0	-3,941438140E1
6,556550000E0	-9,795325938E0	-3,930323642E1
6,573233333E0	-1,093062106E1	-3,913379535E1
6,589916667E0	-1,203975279E1	-3,886446502E1
6,606600000E0	-1,308370992E1	-3,851511688E1
6,623283333E0	-1,408651831E1	-3,813753443E1
6,639966667E0	-1,499720859E1	-3,770572775E1
6,656650000E0	-1,586991858E1	-3,724112353E1
6,673333333E0	-1,665678969E1	-3,671901583E1
6,690016667E0	-1,744146842E1	-3,614102053E1
6,706700000E0	-1,817686618E1	-3,554177941E1
6,723383333E0	-1,880912408E1	-3,496851068E1
6,740066667E0	-1,937951225E1	-3,439989413E1
6,756750000E0	-1,985149217E1	-3,380512828E1
6,773433333E0	-2,029520014E1	-3,326241533E1
6,790116667E0	-2,067529837E1	-3,276938958E1
6,806800000E0	-2,101136029E1	-3,228271933E1
6,823483333E0	-2,128261921E1	-3,185815426E1
6,840166667E0	-2,152800710E1	-3,147132992E1
6,856850000E0	-2,167652172E1	-3,115674686E1
6,873533333E0	-2,184404951E1	-3,085354225E1
6,890216667E0	-2,194231607E1	-3,061650084E1
6,906900000E0	-2,203643873E1	-3,044984766E1
6,923583333E0	-2,209329820E1	-3,033164701E1
6,940266667E0	-2,206475516E1	-3,027138498E1
6,956950000E0	-2,206668932E1	-3,026710247E1
6,973633333E0	-2,204624090E1	-3,033547367E1
6,990316667E0	-2,197287257E1	-3,043824215E1
7,007000000E0	-2,189439446E1	-3,064259416E1
7,023683333E0	-2,176238354E1	-3,085771318E1
7,040366667E0	-2,159722752E1	-3,117073571E1
7,057050000E0	-2,138918302E1	-3,150662140E1
7,073733333E0	-2,114819124E1	-3,189170313E1
7,090416667E0	-2,086357491E1	-3,232488938E1
7,107100000E0	-2,051446814E1	-3,282184668E1
7,123783333E0	-2,013134954E1	-3,335896988E1
7,140466667E0	-1,968650244E1	-3,387311547E1
7,157150000E0	-1,917018847E1	-3,445279779E1
7,173833333E0	-1,859953328E1	-3,503646751E1
7,190516667E0	-1,797800967E1	-3,560475590E1
7,207200000E0	-1,727417690E1	-3,620021628E1
7,223883333E0	-1,649468729E1	-3,676849490E1
7,240566667E0	-1,564347570E1	-3,726754931E1
7,257250000E0	-1,469829964E1	-3,775447307E1
7,273933333E0	-1,377373869E1	-3,820862585E1
7,290616667E0	-1,275659676E1	-3,857607885E1
7,307300000E0	-1,169764104E1	-3,890457139E1
7,323983333E0	-1,057858971E1	-3,911082760E1
7,340666667E0	-9,478074376E0	-3,929617865E1
7,357350000E0	-8,326841714E0	-3,937853941E1
7,374033333E0	-7,172122441E0	-3,939618535E1
7,390716667E0	-6,063044480E0	-3,928898037E1
7,407400000E0	-4,959157294E0	-3,915029675E1
7,424083333E0	-3,879965317E0	-3,890349775E1
7,440766667E0	-2,842449189E0	-3,863227935E1
7,457450000E0	-1,848047814E0	-3,827492841E1
7,474133333E0	-9,745828762E-1	-3,788675254E1
7,490816667E0	-1,082179627E-1	-3,741527166E1
7,507500000E0	7,130750659E-1	-3,693930540E1
7,524183333E0	1,520774669E0	-3,639540362E1
7,540866667E0	2,229458142E0	-3,585637206E1
7,557550000E0	2,867037050E0	-3,529117515E1
7,574233333E0	3,474806890E0	-3,474081100E1
7,590916667E0	3,988137164E0	-3,420863927E1
7,607600000E0	4,434606278E0	-3,367723644E1
7,624283333E0	4,840322933E0	-3,317205614E1
7,640966667E0	5,179709679E0	-3,269033068E1
7,657650000E0	5,475220039E0	-3,226414853E1
7,674333333E0	5,690278842E0	-3,189629126E1
7,691016667E0	5,905934798E0	-3,156233708E1
7,707700000E0	6,070808406E0	-3,127915477E1
7,724383333E0	6,217678786E0	-3,104617333E1
7,741066667E0	6,311430546E0	-3,085391117E1
7,757750000E0	6,367698203E0	-3,073048409E1
7,774433333E0	6,422845721E0	-3,064211200E1
7,791116667E0	6,439389543E0	-3,063666938E1
7,807800000E0	6,415427838E0	-3,066247006E1
7,824483333E0	6,362332794E0	-3,077339111E1
7,841166667E0	6,279922390E0	-3,094467312E1
7,857850000E0	6,160099266E0	-3,116564454E1
7,874533333E0	5,994345645E0	-3,141996463E1
7,891216667E0	5,813038867E0	-3,173491313E1
7,907900000E0	5,572112472E0	-3,211937604E1
7,924583333E0	5,304690373E0	-3,254993080E1
7,941266667E0	4,960634393E0	-3,300896864E1
7,957950000E0	4,593439343E0	-3,348821213E1
7,974633333E0	4,165354544E0	-3,399434841E1
7,991316667E0	3,647778053E0	-3,454025576E1
8,008000000E0	3,095674591E0	-3,508938657E1
8,024683333E0	2,472876863E0	-3,562802713E1
8,041366667E0	1,775039503E0	-3,618647831E1
8,058050000E0	1,032405451E0	-3,672165652E1
8,074733333E0	2,558701988E-1	-3,721028361E1
8,091416667E0	-6,336710564E-1	-3,769983859E1
8,108100000E0	-1,578009127E0	-3,811163771E1
8,124783333E0	-2,534448787E0	-3,851728459E1
8,141466667E0	-3,569665005E0	-3,882336598E1
8,158150000E0	-4,667016965E0	-3,906989649E1
8,174833333E0	-5,707000605E0	-3,927216247E1
8,191516667E0	-6,834115681E0	-3,936899111E1
8,208200000E0	-7,952821087E0	-3,937791234E1
8,224883333E0	-9,034057158E0	-3,931243222E1
8,241566667E0	-1,013814447E1	-3,917610656E1
8,258250000E0	-1,121535600E1	-3,898483128E1
8,274933333E0	-1,219234291E1	-3,873089689E1
8,291616667E0	-1,316850232E1	-3,835625613E1
8,308300000E0	-1,406189012E1	-3,803247859E1
8,324983333E0	-1,496003925E1	-3,762316322E1
8,341666667E0	-1,571840681E1	-3,722609849E1
8,358350000E0	-1,650152815E1	-3,670458690E1
8,375033333E0	-1,722155333E1	-3,612960678E1
8,391716667E0	-1,787219772E1	-3,560129847E1
8,408400000E0	-1,841961733E1	-3,507731525E1
8,425083333E0	-1,892485012E1	-3,461094068E1
8,441766667E0	-1,936748147E1	-3,417226911E1
8,458450000E0	-1,976624917E1	-3,375689237E1
8,475133333E0	-2,013640463E1	-3,332005738E1
8,491816667E0	-2,041564896E1	-3,290148075E1
8,508500000E0	-2,065828535E1	-3,253123673E1
8,525183333E0	-2,084347665E1	-3,222828383E1
8,541866667E0	-2,103618640E1	-3,195815134E1
8,558550000E0	-2,116322393E1	-3,175129089E1
8,575233333E0	-2,127022925E1	-3,157996393E1
8,591916667E0	-2,132877149E1	-3,148022692E1
8,608600000E0	-2,138245191E1	-3,142902176E1
8,625283333E0	-2,135649721E1	-3,142155963E1
8,641966667E0	-2,136889666E1	-3,145943765E1
8,658650000E0	-2,128277050E1	-3,157733945E1
8,675333333E0	-2,115586943E1	-3,170713345E1
8,692016667E0	-2,104802960E1	-3,191636973E1
8,708700000E0	-2,085095285E1	-3,218066802E1
8,725383333E0	-2,064615790E1	-3,249653628E1
8,742066667E0	-2,039410691E1	-3,282773656E1
8,758750000E0	-2,008191413E1	-3,323651522E1
8,775433333E0	-1,972918123E1	-3,364163702E1
8,792116667E0	-1,930845001E1	-3,408751632E1
8,808800000E0	-1,884973698E1	-3,458664357E1
8,825483333E0	-1,832787474E1	-3,508099336E1
8,842166667E0	-1,775349705E1	-3,559423411E1
8,858850000E0	-1,712834179E1	-3,609879173E1
8,875533333E0	-1,641939386E1	-3,660937175E1
8,892216667E0	-1,569482068E1	-3,708915296E1
8,908900000E0	-1,485939514E1	-3,757594931E1
8,925583333E0	-1,399123751E1	-3,802232020E1
8,942266667E0	-1,310289856E1	-3,835811791E1
8,958950000E0	-1,213485168E1	-3,868007311E1
8,975633333E0	-1,111892273E1	-3,897262028E1
8,992316667E0	-1,009198790E1	-3,918299957E1
9,009000000E0	-9,047173828E0	-3,933204430E1
9,025683333E0	-8,012532952E0	-3,937509844E1
9,042366667E0	-6,939129800E0	-3,935430287E1
9,059050000E0	-5,883066978E0	-3,927604009E1
9,075733333E0	-4,842987942E0	-3,915013032E1
9,092416667E0	-3,862543635E0	-3,892319154E1
9,109100000E0	-2,916768809E0	-3,864243135E1
9,125783333E0	-1,996799061E0	-3,833651806E1
9,142466667E0	-1,164693717E0	-3,796793704E1
9,159150000E0	-3,580562796E-1	-3,760853856E1
9,175833333E0	4,226782592E-1	-3,717659662E1
9,192516667E0	1,152826031E0	-3,671959811E1
9,209200000E0	1,838305870E0	-3,624010149E1
9,225883333E0	2,450665231E0	-3,575091580E1
9,242566667E0	2,999556753E0	-3,527727720E1
9,259250000E0	3,496480966E0	-3,478911172E1
9,275933333E0	3,937257478E0	-3,431994851E1
9,292616667E0	4,320156201E0	-3,388193391E1
9,309300000E0	4,661983250E0	-3,346211375E1
9,325983333E0	4,986893834E0	-3,307755265E1
9,342666667E0	5,205129871E0	-3,272534960E1
9,359350000E0	5,419578839E0	-3,241435588E1
9,376033333E0	5,610665427E0	-3,215820308E1
9,392716667E0	5,732039435E0	-3,196143618E1
9,409400000E0	5,788769852E0	-3,182904188E1
9,426083333E0	5,850173376E0	-3,172953573E1
9,442766667E0	5,869236626E0	-3,169979598E1
9,459450000E0	5,858127932E0	-3,171181282E1
9,476133333E0	5,839180556E0	-3,178433928E1
9,492816667E0	5,765107248E0	-3,189033869E1
9,509500000E0	5,641016038E0	-3,207454777E1
9,526183333E0	5,457923939E0	-3,229122438E1
9,542866667E0	5,300740213E0	-3,258601173E1
9,559550000E0	5,088709596E0	-3,289230767E1
9,576233333E0	4,819544995E0	-3,323526813E1
9,592916667E0	4,518134331E0	-3,363955068E1
9,609600000E0	4,158907257E0	-3,406229444E1
9,626283333E0	3,717965444E0	-3,452665365E1
9,642966667E0	3,233171134E0	-3,498068994E1
9,659650000E0	2,706581228E0	-3,548278878E1
9,676333333E0	2,128108093E0	-3,596097173E1
9,693016667E0	1,479213299E0	-3,644967782E1
9,709700000E0	7,608074671E-1	-3,692822345E1
9,726383333E0	5,556015833E-2	-3,737679731E1
9,743066667E0	-7,966052353E-1	-3,780061601E1
9,759750000E0	-1,650668308E0	-3,819022523E1
9,776433333E0	-2,545241060E0	-3,854464802E1
9,793116667E0	-3,524444102E0	-3,881992114E1
9,809800000E0	-4,516900584E0	-3,904596409E1
9,826483333E0	-5,511788326E0	-3,922193381E1
9,843166667E0	-6,527142444E0	-3,933906280E1
9,859850000E0	-7,582456457E0	-3,934674248E1
9,876533333E0	-8,599685809E0	-3,933826182E1
9,893216667E0	-9,644059427E0	-3,921447493E1
9,909900000E0	-1,064385164E1	-3,901735584E1
9,926583333E0	-1,160885950E1	-3,880354544E1
9,943266667E0	-1,252773994E1	-3,855878937E1
9,959950000E0	-1,336783478E1	-3,822389266E1
9,976633333E0	-1,423726128E1	-3,787878668E1
9,993316667E0	-1,497808255E1	-3,752752791E1
1,001000000E1	-1,566810224E1	-3,712032615E1
1,002668333E1	-1,635705863E1	-3,667311876E1
1,004336667E1	-1,701791673E1	-3,622665448E1
1,006005000E1	-1,764211583E1	-3,574123952E1
1,007673333E1	-1,816103267E1	-3,527041149E1
1,009341667E1	-1,865077994E1	-3,486333160E1
1,011010000E1	-1,904290150E1	-3,441845125E1
1,012678333E1	-1,941854811E1	-3,401015698E1
1,014346667E1	-1,973987358E1	-3,363049524E1
1,016015000E1	-2,000914492E1	-3,329832942E1
1,017683333E1	-2,025225203E1	-3,299702652E1
1,019351667E1	-2,042512476E1	-3,274660634E1
1,021020000E1	-2,058084040E1	-3,254048606E1
1,022688333E1	-2,071707396E1	-3,237722050E1
1,024356667E1	-2,077706494E1	-3,230425054E1
1,026025000E1	-2,081619929E1	-3,223214345E1
1,027693333E1	-2,082810477E1	-3,219703966E1
1,029361667E1	-2,080176468E1	-3,223353282E1
1,031030000E1	-2,073196996E1	-3,230544503E1
1,032698333E1	-2,062094710E1	-3,244676934E1
1,034366667E1	-2,049831104E1	-3,262521738E1
1,036035000E1	-2,035136845E1	-3,291194323E1
1,037703333E1	-2,013134829E1	-3,316429386E1
1,039371667E1	-1,991370861E1	-3,352235837E1
1,041040000E1	-1,960039653E1	-3,385952272E1
1,042708333E1	-1,926289821E1	-3,426627820E1
1,044376667E1	-1,885146575E1	-3,467505394E1
1,046045000E1	-1,841564749E1	-3,510351404E1
1,047713333E1	-1,788560138E1	-3,550466049E1
