0,000000000E0	-2,285376641E1	-2,245879597E1
1,668333333E-2	-2,281621221E1	-2,254206001E1
3,336666667E-2	-2,281529130E1	-2,270110101E1
5,005000000E-2	-2,281274662E1	-2,295253007E1
6,673333333E-2	-2,278036848E1	-2,326207789E1
8,341666667E-2	-2,275494220E1	-2,361481350E1
1,001000000E-1	-2,270284893E1	-2,408502419E1
1,167833333E-1	-2,264351791E1	-2,460749703E1
1,334666667E-1	-2,252096520E1	-2,518149728E1
1,501500000E-1	-2,237343987E1	-2,583375241E1
1,668333333E-1	-2,221761327E1	-2,655608223E1
1,835166667E-1	-2,199020502E1	-2,734360104E1
2,002000000E-1	-2,167631394E1	-2,818991667E1
2,168833333E-1	-2,125938941E1	-2,905318617E1
2,335666667E-1	-2,081992550E1	-2,993169917E1
2,502500000E-1	-2,025485614E1	-3,086239250E1
2,669333333E-1	-1,958564716E1	-3,176991091E1
2,836166667E-1	-1,883233339E1	-3,265580968E1
3,003000000E-1	-1,793237551E1	-3,356212652E1
3,169833333E-1	-1,693303770E1	-3,442455458E1
3,336666667E-1	-1,588323896E1	-3,517957780E1
3,503500000E-1	-1,469576281E1	-3,587303718E1
3,670333333E-1	-1,341746728E1	-3,645835910E1
3,837166667E-1	-1,209298900E1	-3,692908176E1
4,004000000E-1	-1,072769605E1	-3,733073335E1
4,170833333E-1	-9,298817848E0	-3,753898759E1
4,337666667E-1	-7,768818179E0	-3,765735059E1
4,504500000E-1	-6,352424785E0	-3,759003093E1
4,671333333E-1	-4,957651522E0	-3,743296287E1
4,838166667E-1	-3,525567318E0	-3,712474749E1
5,005000000E-1	-2,224408767E0	-3,666876774E1
5,171833333E-1	-1,004993865E0	-3,618480115E1
5,338666667E-1	1,788509250E-1	-3,556990883E1
5,505500000E-1	1,230005689E0	-3,488654958E1
5,672333333E-1	2,229316884E0	-3,412149341E1
5,839166667E-1	3,165660587E0	-3,328211707E1
6,006000000E-1	3,957153009E0	-3,246007313E1
6,172833333E-1	4,636140683E0	-3,160845099E1
6,339666667E-1	5,263785399E0	-3,072920551E1
6,506500000E-1	5,780274124E0	-2,988785360E1
6,673333333E-1	6,243435281E0	-2,902959826E1
6,840166667E-1	6,592253417E0	-2,821612797E1
7,007000000E-1	6,869549817E0	-2,746290634E1
7,173833333E-1	7,082124591E0	-2,679762104E1
7,340666667E-1	7,238331225E0	-2,619100305E1
7,507500000E-1	7,376806311E0	-2,559850260E1
7,674333333E-1	7,494102169E0	-2,506410137E1
7,841166667E-1	7,554776672E0	-2,460092173E1
8,008000000E-1	7,609683237E0	-2,423135217E1
8,174833333E-1	7,635363748E0	-2,391374909E1
8,341666667E-1	7,648800542E0	-2,365548298E1
8,508500000E-1	7,644641504E0	-2,347751591E1
8,675333333E-1	7,654718356E0	-2,339144357E1
8,842166667E-1	7,666682648E0	-2,333545250E1
9,009000000E-1	7,644914946E0	-2,336626498E1
9,175833333E-1	7,647655005E0	-2,348827423E1
9,342666667E-1	7,638798543E0	-2,365825440E1
9,509500000E-1	7,586674490E0	-2,390380115E1
9,676333333E-1	7,561987855E0	-2,421903785E1
9,843166667E-1	7,502557994E0	-2,461666664E1
1,001000000E0	7,423099059E0	-2,506796097E1
1,017683333E0	7,303316699E0	-2,558711741E1
1,034366667E0	7,157993186E0	-2,618094451E1
1,051050000E0	6,992770450E0	-2,681260075E1
1,067733333E0	6,779588895E0	-2,752140895E1
1,084416667E0	6,480263641E0	-2,826784911E1
1,101100000E0	6,130733899E0	-2,906790664E1
1,117783333E0	5,705222956E0	-2,992338290E1
1,134466667E0	5,182979464E0	-3,076808576E1
1,151150000E0	4,604017208E0	-3,162800157E1
1,167833333E0	3,890915474E0	-3,246382097E1
1,184516667E0	3,105044608E0	-3,330603397E1
1,201200000E0	2,208324549E0	-3,415665658E1
1,217883333E0	1,224714280E0	-3,488627319E1
1,234566667E0	1,496697772E-1	-3,561490880E1
1,251250000E0	-1,028324939E0	-3,623515421E1
1,267933333E0	-2,323780976E0	-3,676022071E1
1,284616667E0	-3,657294149E0	-3,715410576E1
1,301300000E0	-4,995046225E0	-3,746503041E1
1,317983333E0	-6,387664832E0	-3,761389987E1
1,334666667E0	-7,807241823E0	-3,764634409E1
1,351350000E0	-9,179001216E0	-3,756435433E1
1,368033333E0	-1,057483056E1	-3,736015014E1
1,384716667E0	-1,191957438E1	-3,703376389E1
1,401400000E0	-1,314268831E1	-3,664282233E1
1,418083333E0	-1,431713298E1	-3,614115549E1
1,434766667E0	-1,541891664E1	-3,556099615E1
1,451450000E0	-1,640768482E1	-3,493888367E1
1,468133333E0	-1,739704786E1	-3,418627726E1
1,484816667E0	-1,828705774E1	-3,337925414E1
1,501500000E0	-1,905007652E1	-3,254090370E1
1,518183333E0	-1,972014696E1	-3,175861184E1
1,534866667E0	-2,032509353E1	-3,096629050E1
1,551550000E0	-2,083272512E1	-3,018203426E1
1,568233333E0	-2,129278406E1	-2,941597811E1
1,584916667E0	-2,162912651E1	-2,868103286E1
1,601600000E0	-2,192534524E1	-2,801187806E1
1,618283333E0	-2,219784728E1	-2,736949789E1
1,634966667E0	-2,235638452E1	-2,676707315E1
1,651650000E0	-2,250507442E1	-2,626144506E1
1,668333333E0	-2,262413355E1	-2,578320394E1
1,685016667E0	-2,273261665E1	-2,539736924E1
1,701700000E0	-2,277703616E1	-2,506471690E1
1,718383333E0	-2,281532193E1	-2,475995168E1
1,735066667E0	-2,285941541E1	-2,459905926E1
1,751750000E0	-2,288821329E1	-2,448937106E1
1,768433333E0	-2,288615937E1	-2,442158839E1
1,785116667E0	-2,289008731E1	-2,447367836E1
1,801800000E0	-2,286888835E1	-2,455859180E1
1,818483333E0	-2,286101727E1	-2,471373340E1
1,835166667E0	-2,280592369E1	-2,492595297E1
1,851850000E0	-2,276031688E1	-2,523179095E1
1,868533333E0	-2,267468749E1	-2,563041284E1
1,885216667E0	-2,254866270E1	-2,605092673E1
1,901900000E0	-2,240281618E1	-2,657160843E1
1,918583333E0	-2,221616366E1	-2,712569779E1
1,935266667E0	-2,199919281E1	-2,775058159E1
1,951950000E0	-2,172476137E1	-2,844220525E1
1,968633333E0	-2,139075685E1	-2,917100751E1
1,985316667E0	-2,098404430E1	-2,993947547E1
2,002000000E0	-2,051307250E1	-3,074076291E1
2,018683333E0	-1,995103095E1	-3,152983109E1
2,035366667E0	-1,927685244E1	-3,233631940E1
2,052050000E0	-1,854825354E1	-3,312267156E1
2,068733333E0	-1,771596714E1	-3,393854011E1
2,085416667E0	-1,676816059E1	-3,466240108E1
2,102100000E0	-1,570371051E1	-3,539196910E1
2,118783333E0	-1,464564154E1	-3,597352821E1
2,135466667E0	-1,344010676E1	-3,652215399E1
2,152150000E0	-1,217642525E1	-3,701340397E1
2,168833333E0	-1,086843749E1	-3,732783358E1
2,185516667E0	-9,547507206E0	-3,754018087E1
2,202200000E0	-8,236541725E0	-3,768142841E1
2,218883333E0	-6,871791297E0	-3,767778445E1
2,235566667E0	-5,547393803E0	-3,754901905E1
2,252250000E0	-4,257157165E0	-3,729497637E1
2,268933333E0	-2,960242678E0	-3,696988755E1
2,285616667E0	-1,782559661E0	-3,651939207E1
2,302300000E0	-6,701569864E-1	-3,600779410E1
2,318983333E0	3,355092497E-1	-3,543210510E1
2,335666667E0	1,298036861E0	-3,477664639E1
2,352350000E0	2,218987399E0	-3,405585969E1
2,369033333E0	3,038824703E0	-3,330104487E1
2,385716667E0	3,749851618E0	-3,256582971E1
2,402400000E0	4,374081251E0	-3,175848761E1
2,419083333E0	4,949237922E0	-3,097311274E1
2,435766667E0	5,427276715E0	-3,023759810E1
2,452450000E0	5,818646819E0	-2,953759862E1
2,469133333E0	6,137346479E0	-2,882178410E1
2,485816667E0	6,424667281E0	-2,816942881E1
2,502500000E0	6,655970928E0	-2,756750324E1
2,519183333E0	6,844019015E0	-2,702797873E1
2,535866667E0	6,948044745E0	-2,658286717E1
2,552550000E0	7,070444949E0	-2,620187430E1
2,569233333E0	7,138090630E0	-2,586327729E1
2,585916667E0	7,200380478E0	-2,558174346E1
2,602600000E0	7,209022412E0	-2,536424536E1
2,619283333E0	7,252499217E0	-2,523011529E1
2,635966667E0	7,273562721E0	-2,516751375E1
2,652650000E0	7,281105862E0	-2,516528288E1
2,669333333E0	7,270333416E0	-2,520981031E1
2,686016667E0	7,237242747E0	-2,533451350E1
2,702700000E0	7,195647777E0	-2,555075836E1
2,719383333E0	7,123683802E0	-2,581573475E1
2,736066667E0	7,030931307E0	-2,616545788E1
2,752750000E0	6,916373318E0	-2,654221068E1
2,769433333E0	6,791397877E0	-2,701577202E1
2,786116667E0	6,605616798E0	-2,754593262E1
2,802800000E0	6,410377227E0	-2,811712971E1
2,819483333E0	6,156462173E0	-2,872609872E1
2,836166667E0	5,846399899E0	-2,939755147E1
2,852850000E0	5,466217262E0	-3,013130015E1
2,869533333E0	4,992841780E0	-3,086834331E1
2,886216667E0	4,470266595E0	-3,162415528E1
2,902900000E0	3,820693766E0	-3,242146640E1
2,919583333E0	3,117728967E0	-3,318751975E1
2,936266667E0	2,312994057E0	-3,393600830E1
2,952950000E0	1,413782228E0	-3,466269122E1
2,969633333E0	4,730253795E-1	-3,532797195E1
2,986316667E0	-5,857247614E-1	-3,591834637E1
3,003000000E0	-1,733304474E0	-3,647619375E1
3,019683333E0	-2,917565587E0	-3,691906176E1
3,036366667E0	-4,141986871E0	-3,731394944E1
3,053050000E0	-5,446901679E0	-3,753816608E1
3,069733333E0	-6,788428946E0	-3,768433609E1
3,086416667E0	-8,094524421E0	-3,769975587E1
3,103100000E0	-9,378222126E0	-3,762572784E1
3,119783333E0	-1,063818814E1	-3,744259688E1
3,136466667E0	-1,187061848E1	-3,717070469E1
3,153150000E0	-1,307982044E1	-3,677994503E1
3,169833333E0	-1,419108447E1	-3,632331576E1
3,186516667E0	-1,522648823E1	-3,582672946E1
3,203200000E0	-1,613067918E1	-3,526958049E1
3,219883333E0	-1,701397436E1	-3,468004614E1
3,236566667E0	-1,790499317E1	-3,396790957E1
3,253250000E0	-1,864534168E1	-3,328501087E1
3,269933333E0	-1,932964798E1	-3,255735158E1
3,286616667E0	-1,991513972E1	-3,180388883E1
3,303300000E0	-2,042755149E1	-3,107727507E1
3,319983333E0	-2,088092813E1	-3,041771659E1
3,336666667E0	-2,127868892E1	-2,979504221E1
3,353350000E0	-2,160653763E1	-2,920426924E1
3,370033333E0	-2,186816911E1	-2,863906581E1
3,386716667E0	-2,207536903E1	-2,814339054E1
3,403400000E0	-2,223857977E1	-2,767588882E1
3,420083333E0	-2,233455440E1	-2,727932230E1
3,436766667E0	-2,247150457E1	-2,697374341E1
3,453450000E0	-2,254642425E1	-2,668850387E1
3,470133333E0	-2,259101705E1	-2,649396086E1
3,486816667E0	-2,263514150E1	-2,633666648E1
3,503500000E0	-2,263683177E1	-2,627286351E1
3,520183333E0	-2,265530667E1	-2,625618753E1
3,536866667E0	-2,264816088E1	-2,632968566E1
3,553550000E0	-2,260656686E1	-2,646957794E1
3,570233333E0	-2,254741688E1	-2,665661468E1
3,586916667E0	-2,244014374E1	-2,694439171E1
3,603600000E0	-2,234851114E1	-2,727046482E1
3,620283333E0	-2,218466847E1	-2,768257648E1
3,636966667E0	-2,200022798E1	-2,810560523E1
3,653650000E0	-2,181345908E1	-2,865942854E1
3,670333333E0	-2,153695057E1	-2,920976774E1
3,687016667E0	-2,119847379E1	-2,981139441E1
3,703700000E0	-2,082752181E1	-3,049390964E1
3,720383333E0	-2,040205212E1	-3,117740594E1
3,737066667E0	-1,988576572E1	-3,186763206E1
3,753750000E0	-1,929130238E1	-3,260664213E1
3,770433333E0	-1,863106906E1	-3,329177452E1
3,787116667E0	-1,784623521E1	-3,405439424E1
3,803800000E0	-1,700669449E1	-3,468970428E1
3,820483333E0	-1,608849589E1	-3,536682892E1
3,837166667E0	-1,509280073E1	-3,598946289E1
3,853850000E0	-1,402187685E1	-3,653530983E1
3,870533333E0	-1,290310150E1	-3,695328295E1
3,887216667E0	-1,172249880E1	-3,731113945E1
3,903900000E0	-1,050213875E1	-3,758074164E1
3,920583333E0	-9,257721507E0	-3,779245197E1
3,937266667E0	-7,974744613E0	-3,782949857E1
3,953950000E0	-6,671928411E0	-3,780974314E1
3,970633333E0	-5,475898254E0	-3,766472138E1
3,987316667E0	-4,229945573E0	-3,742970248E1
4,004000000E0	-3,074062467E0	-3,708009165E1
4,020683333E0	-1,933523607E0	-3,667690272E1
4,037366667E0	-9,040865134E-1	-3,621854093E1
4,054050000E0	7,356827517E-2	-3,570520648E1
4,070733333E0	9,579585767E-1	-3,517137806E1
4,087416667E0	1,828605585E0	-3,451372383E1
4,104100000E0	2,623046926E0	-3,384928912E1
4,120783333E0	3,301646155E0	-3,314996342E1
4,137466667E0	3,945558470E0	-3,249164096E1
4,154150000E0	4,475190375E0	-3,179591934E1
4,170833333E0	4,961586954E0	-3,112307750E1
4,187516667E0	5,372799307E0	-3,047856188E1
4,204200000E0	5,714254595E0	-2,987522712E1
4,220883333E0	5,985141840E0	-2,930192058E1
4,237566667E0	6,235640120E0	-2,878458066E1
4,254250000E0	6,438135219E0	-2,834131058E1
4,270933333E0	6,604654536E0	-2,793989005E1
4,287616667E0	6,741905575E0	-2,758635323E1
4,304300000E0	6,826680473E0	-2,729501490E1
4,320983333E0	6,902560899E0	-2,710581499E1
4,337666667E0	6,933425451E0	-2,693423045E1
4,354350000E0	6,948988176E0	-2,684719138E1
4,371033333E0	6,944386031E0	-2,681831217E1
4,387716667E0	6,927512253E0	-2,684600218E1
4,404400000E0	6,899438379E0	-2,696881387E1
4,421083333E0	6,845980543E0	-2,712767281E1
4,437766667E0	6,751309934E0	-2,735049741E1
4,454450000E0	6,644517663E0	-2,765378809E1
4,471133333E0	6,535074700E0	-2,803538864E1
4,487816667E0	6,349716902E0	-2,845910063E1
4,504500000E0	6,152542776E0	-2,890391057E1
4,521183333E0	5,887830593E0	-2,942888619E1
4,537866667E0	5,576987661E0	-3,001570094E1
4,554550000E0	5,208019698E0	-3,062812871E1
4,571233333E0	4,794893996E0	-3,127876536E1
4,587916667E0	4,316375433E0	-3,193409090E1
4,604600000E0	3,737290129E0	-3,264148441E1
4,621283333E0	3,105160678E0	-3,329879594E1
4,637966667E0	2,394986553E0	-3,400604898E1
4,654650000E0	1,568823188E0	-3,466362587E1
4,671333333E0	7,167380609E-1	-3,530287391E1
4,688016667E0	-2,057112266E-1	-3,584929864E1
4,704700000E0	-1,250178969E0	-3,640993767E1
4,721383333E0	-2,302941119E0	-3,686145881E1
4,738066667E0	-3,479437700E0	-3,723899637E1
4,754750000E0	-4,629050104E0	-3,753979129E1
4,771433333E0	-5,886168980E0	-3,771918884E1
4,788116667E0	-7,087420935E0	-3,784575820E1
4,804800000E0	-8,360473936E0	-3,783983430E1
4,821483333E0	-9,581673582E0	-3,776112658E1
4,838166667E0	-1,072292769E1	-3,757643597E1
4,854850000E0	-1,189627387E1	-3,732619352E1
4,871533333E0	-1,300388697E1	-3,696164767E1
4,888216667E0	-1,401667880E1	-3,653384520E1
4,904900000E0	-1,497643709E1	-3,604880513E1
4,921583333E0	-1,583618307E1	-3,554644376E1
4,938266667E0	-1,672719630E1	-3,501910357E1
4,954950000E0	-1,750885037E1	-3,439465927E1
4,971633333E0	-1,823630333E1	-3,373286674E1
4,988316667E0	-1,886239190E1	-3,310041404E1
5,005000000E0	-1,942454684E1	-3,246170787E1
5,021683333E0	-1,992756115E1	-3,183685534E1
5,038366667E0	-2,034091775E1	-3,124513920E1
5,055050000E0	-2,074345204E1	-3,066937583E1
5,071733333E0	-2,106848670E1	-3,016224062E1
5,088416667E0	-2,131252521E1	-2,968863199E1
5,105100000E0	-2,153525708E1	-2,927623494E1
5,121783333E0	-2,169059500E1	-2,888530489E1
5,138466667E0	-2,183867781E1	-2,857943760E1
5,155150000E0	-2,193103702E1	-2,830392646E1
5,171833333E0	-2,202669621E1	-2,810082738E1
5,188516667E0	-2,213307326E1	-2,796873303E1
5,205200000E0	-2,216974313E1	-2,787819198E1
5,221883333E0	-2,218108884E1	-2,785663972E1
5,238566667E0	-2,214655129E1	-2,791387271E1
5,255250000E0	-2,209965247E1	-2,798938875E1
5,271933333E0	-2,203223283E1	-2,818758120E1
5,288616667E0	-2,197099740E1	-2,838187971E1
5,305300000E0	-2,181416600E1	-2,871799563E1
5,321983333E0	-2,165051582E1	-2,907277830E1
5,338666667E0	-2,147921831E1	-2,948874445E1
5,355350000E0	-2,121055291E1	-2,991214904E1
5,372033333E0	-2,092451165E1	-3,042050676E1
5,388716667E0	-2,056700591E1	-3,095433784E1
5,405400000E0	-2,014582486E1	-3,153416808E1
5,422083333E0	-1,967889092E1	-3,214927908E1
5,438766667E0	-1,915882683E1	-3,275737787E1
5,455450000E0	-1,856050086E1	-3,338383238E1
5,472133333E0	-1,789480784E1	-3,402689102E1
5,488816667E0	-1,713294195E1	-3,463388071E1
5,505500000E0	-1,631448573E1	-3,524667533E1
5,522183333E0	-1,542437010E1	-3,579629901E1
5,538866667E0	-1,446385821E1	-3,630916919E1
5,555550000E0	-1,341508245E1	-3,676553183E1
5,572233333E0	-1,236258410E1	-3,715732849E1
5,588916667E0	-1,120493114E1	-3,747421835E1
5,605600000E0	-1,006720571E1	-3,770311172E1
5,622283333E0	-8,880959579E0	-3,785053529E1
5,638966667E0	-7,703317621E0	-3,791036662E1
5,655650000E0	-6,521596074E0	-3,788388144E1
5,672333333E0	-5,352895907E0	-3,772272539E1
5,689016667E0	-4,224903162E0	-3,749378165E1
5,705700000E0	-3,136158748E0	-3,721240093E1
5,722383333E0	-2,106454381E0	-3,682700023E1
5,739066667E0	-1,120957558E0	-3,643780955E1
5,755750000E0	-2,092848024E-1	-3,594712109E1
5,772433333E0	6,177588702E-1	-3,543759900E1
5,789116667E0	1,455025036E0	-3,486712770E1
5,805800000E0	2,179916564E0	-3,425367628E1
5,822483333E0	2,855827646E0	-3,364869071E1
5,839166667E0	3,443772145E0	-3,304123289E1
5,855850000E0	3,988442146E0	-3,244176183E1
5,872533333E0	4,471757898E0	-3,185932516E1
5,889216667E0	4,862316715E0	-3,128590691E1
5,905900000E0	5,235417534E0	-3,076942410E1
5,922583333E0	5,508479371E0	-3,026556283E1
5,939266667E0	5,771228751E0	-2,982449477E1
5,955950000E0	5,970537040E0	-2,942243156E1
5,972633333E0	6,141493306E0	-2,906497107E1
5,989316667E0	6,289670102E0	-2,877777309E1
6,006000000E0	6,367282177E0	-2,855981649E1
6,022683333E0	6,420195393E0	-2,841919170E1
6,039366667E0	6,472163179E0	-2,828896905E1
6,056050000E0	6,480759714E0	-2,824417091E1
6,072733333E0	6,474165051E0	-2,824296991E1
6,089416667E0	6,445012793E0	-2,832249860E1
6,106100000E0	6,375106584E0	-2,847206821E1
6,122783333E0	6,271523665E0	-2,867992915E1
6,139466667E0	6,164290623E0	-2,891098443E1
6,156150000E0	6,042090950E0	-2,921329755E1
6,172833333E0	5,847974053E0	-2,960870126E1
6,189516667E0	5,618901656E0	-3,003231673E1
6,206200000E0	5,355499626E0	-3,046722103E1
6,222883333E0	5,023213721E0	-3,098901781E1
6,239566667E0	4,647241813E0	-3,151487522E1
6,256250000E0	4,197748709E0	-3,211356060E1
6,272933333E0	3,715573549E0	-3,268662368E1
6,289616667E0	3,135429327E0	-3,329681812E1
6,306300000E0	2,519847211E0	-3,389733200E1
6,322983333E0	1,832840451E0	-3,448064464E1
6,339666667E0	1,048401265E0	-3,508267353E1
6,356350000E0	2,074165950E-1	-3,563488190E1
6,373033333E0	-7,141009486E-1	-3,614744600E1
6,389716667E0	-1,674127039E0	-3,660281172E1
6,406400000E0	-2,704765766E0	-3,701260289E1
6,423083333E0	-3,786748137E0	-3,739586322E1
6,439766667E0	-4,906651626E0	-3,763539266E1
6,456450000E0	-6,035982153E0	-3,779659163E1
6,473133333E0	-7,177124691E0	-3,785694647E1
6,489816667E0	-8,350666858E0	-3,789741310E1
6,506500000E0	-9,501134461E0	-3,782612227E1
6,523183333E0	-1,061239915E1	-3,767613195E1
6,539866667E0	-1,169524609E1	-3,741285987E1
6,556550000E0	-1,271823687E1	-3,712546150E1
6,573233333E0	-1,369358445E1	-3,674860106E1
6,589916667E0	-1,460001545E1	-3,631029242E1
6,606600000E0	-1,542975643E1	-3,587308386E1
6,623283333E0	-1,620364693E1	-3,540146458E1
6,639966667E0	-1,695569101E1	-3,481660619E1
6,656650000E0	-1,769354208E1	-3,425826850E1
6,673333333E0	-1,833309471E1	-3,369386166E1
6,690016667E0	-1,887598189E1	-3,311855356E1
6,706700000E0	-1,938833280E1	-3,256094895E1
6,723383333E0	-1,979951208E1	-3,202589512E1
6,740066667E0	-2,020956106E1	-3,151523106E1
6,756750000E0	-2,053372212E1	-3,103353556E1
6,773433333E0	-2,083689768E1	-3,061294889E1
6,790116667E0	-2,106485787E1	-3,021958890E1
6,806800000E0	-2,126129061E1	-2,990262270E1
6,823483333E0	-2,142274593E1	-2,960339943E1
6,840166667E0	-2,152989705E1	-2,939202145E1
6,856850000E0	-2,162109570E1	-2,921203180E1
6,873533333E0	-2,167143162E1	-2,909290257E1
6,890216667E0	-2,167533025E1	-2,900947329E1
6,906900000E0	-2,165436941E1	-2,900175328E1
6,923583333E0	-2,163961779E1	-2,908702724E1
6,940266667E0	-2,157220166E1	-2,919400159E1
6,956950000E0	-2,146876943E1	-2,936882814E1
6,973633333E0	-2,132071503E1	-2,961381233E1
6,990316667E0	-2,118512134E1	-2,992629752E1
7,007000000E0	-2,097948720E1	-3,023939302E1
7,023683333E0	-2,074873356E1	-3,063044259E1
7,040366667E0	-2,046294912E1	-3,106813172E1
7,057050000E0	-2,014756192E1	-3,157168004E1
7,073733333E0	-1,975120362E1	-3,210592162E1
7,090416667E0	-1,930258823E1	-3,260937417E1
7,107100000E0	-1,879488733E1	-3,316529702E1
7,123783333E0	-1,822222636E1	-3,376622914E1
7,140466667E0	-1,756964675E1	-3,431560351E1
7,157150000E0	-1,684519346E1	-3,489811338E1
7,173833333E0	-1,609600391E1	-3,543485141E1
7,190516667E0	-1,527776138E1	-3,591323627E1
7,207200000E0	-1,436415229E1	-3,637295090E1
7,223883333E0	-1,340143840E1	-3,678707563E1
7,240566667E0	-1,239297813E1	-3,716314014E1
7,257250000E0	-1,132544374E1	-3,749532207E1
7,273933333E0	-1,028256209E1	-3,769077200E1
7,290616667E0	-9,151181898E0	-3,785106579E1
7,307300000E0	-8,081807187E0	-3,791698393E1
7,323983333E0	-6,921833998E0	-3,788192120E1
7,340666667E0	-5,833509920E0	-3,779960842E1
7,357350000E0	-4,720406939E0	-3,763620198E1
7,374033333E0	-3,709871864E0	-3,737341130E1
7,390716667E0	-2,717411735E0	-3,707036869E1
7,407400000E0	-1,768214122E0	-3,671148094E1
7,424083333E0	-8,782527997E-1	-3,633650920E1
7,440766667E0	-7,714691309E-2	-3,589063543E1
7,457450000E0	7,124833321E-1	-3,541348404E1
7,474133333E0	1,462039081E0	-3,486415668E1
7,490816667E0	2,145682010E0	-3,434495135E1
7,507500000E0	2,752150105E0	-3,380456761E1
7,524183333E0	3,279034324E0	-3,325911681E1
7,540866667E0	3,781693775E0	-3,274629043E1
7,557550000E0	4,212963475E0	-3,223105648E1
7,574233333E0	4,594374470E0	-3,175394160E1
7,590916667E0	4,893482220E0	-3,129290722E1
7,607600000E0	5,179004080E0	-3,088356461E1
7,624283333E0	5,420963064E0	-3,053125419E1
7,640966667E0	5,586807630E0	-3,022048284E1
7,657650000E0	5,739030702E0	-2,994168091E1
7,674333333E0	5,885900292E0	-2,972210626E1
7,691016667E0	5,971437282E0	-2,955164411E1
7,707700000E0	6,001127262E0	-2,942890226E1
7,724383333E0	6,040913095E0	-2,940212904E1
7,741066667E0	6,020437042E0	-2,940829128E1
7,757750000E0	5,982150883E0	-2,949456201E1
7,774433333E0	5,902874221E0	-2,962030210E1
7,791116667E0	5,814067016E0	-2,979703577E1
7,807800000E0	5,682311612E0	-3,003566575E1
7,824483333E0	5,498415539E0	-3,034144587E1
7,841166667E0	5,303666322E0	-3,066689694E1
7,857850000E0	5,075700848E0	-3,107247230E1
7,874533333E0	4,794503018E0	-3,148784818E1
7,891216667E0	4,430036902E0	-3,193148434E1
7,907900000E0	4,020492129E0	-3,244087122E1
7,924583333E0	3,588477706E0	-3,296018948E1
7,941266667E0	3,051019684E0	-3,348971839E1
7,957950000E0	2,489481072E0	-3,404838750E1
7,974633333E0	1,842844900E0	-3,456803736E1
7,991316667E0	1,124907868E0	-3,509096185E1
8,008000000E0	3,798799990E-1	-3,561083519E1
8,024683333E0	-4,575698710E-1	-3,609150664E1
8,041366667E0	-1,359318737E0	-3,654112921E1
8,058050000E0	-2,275186616E0	-3,693275670E1
8,074733333E0	-3,270181997E0	-3,727054828E1
8,091416667E0	-4,332080162E0	-3,753970414E1
8,108100000E0	-5,382420893E0	-3,774625824E1
8,124783333E0	-6,440735518E0	-3,789376558E1
8,141466667E0	-7,524800322E0	-3,798157415E1
8,158150000E0	-8,611651331E0	-3,794231982E1
8,174833333E0	-9,690795235E0	-3,784205588E1
8,191516667E0	-1,077281427E1	-3,770212596E1
8,208200000E0	-1,175268678E1	-3,747772889E1
8,224883333E0	-1,271870616E1	-3,718413565E1
8,241566667E0	-1,362001001E1	-3,684135875E1
8,258250000E0	-1,447796384E1	-3,641981357E1
8,274933333E0	-1,523055091E1	-3,604426109E1
8,291616667E0	-1,600716348E1	-3,556699352E1
8,308300000E0	-1,674581349E1	-3,510451435E1
8,324983333E0	-1,741689450E1	-3,460204231E1
8,341666667E0	-1,801650724E1	-3,408134805E1
8,358350000E0	-1,854648605E1	-3,357361303E1
8,375033333E0	-1,905580586E1	-3,311928113E1
8,391716667E0	-1,946372209E1	-3,263677993E1
8,408400000E0	-1,983855433E1	-3,218989871E1
8,425083333E0	-2,013422922E1	-3,180382671E1
8,441766667E0	-2,040974866E1	-3,144789784E1
8,458450000E0	-2,064959716E1	-3,111406918E1
8,475133333E0	-2,082877503E1	-3,084064950E1
8,491816667E0	-2,098630490E1	-3,057682858E1
8,508500000E0	-2,110691053E1	-3,040250564E1
8,525183333E0	-2,117415197E1	-3,032711622E1
8,541866667E0	-2,120053453E1	-3,022050710E1
8,558550000E0	-2,120980009E1	-3,019870753E1
8,575233333E0	-2,119370218E1	-3,022418918E1
8,591916667E0	-2,113871969E1	-3,033914419E1
8,608600000E0	-2,108024240E1	-3,049005050E1
8,625283333E0	-2,097307503E1	-3,067339634E1
8,641966667E0	-2,077346764E1	-3,094733478E1
8,658650000E0	-2,057557644E1	-3,120969631E1
8,675333333E0	-2,036152079E1	-3,151789303E1
8,692016667E0	-2,007493526E1	-3,193230426E1
8,708700000E0	-1,972010383E1	-3,234014207E1
8,725383333E0	-1,936171806E1	-3,280446337E1
8,742066667E0	-1,894480735E1	-3,329905334E1
8,758750000E0	-1,842197519E1	-3,374789900E1
8,775433333E0	-1,789674347E1	-3,428228926E1
8,792116667E0	-1,726870709E1	-3,479977662E1
8,808800000E0	-1,656350144E1	-3,529513705E1
8,825483333E0	-1,585856419E1	-3,580672831E1
8,842166667E0	-1,507739406E1	-3,621434740E1
8,858850000E0	-1,420395233E1	-3,664253852E1
8,875533333E0	-1,333452294E1	-3,700498063E1
8,892216667E0	-1,239294407E1	-3,731165764E1
8,908900000E0	-1,140304872E1	-3,760462693E1
8,925583333E0	-1,035538786E1	-3,780393691E1
8,942266667E0	-9,371784259E0	-3,795870459E1
8,958950000E0	-8,301818695E0	-3,804610432E1
8,975633333E0	-7,262535991E0	-3,803034171E1
8,992316667E0	-6,197713886E0	-3,798292236E1
9,009000000E0	-5,166120286E0	-3,780650638E1
9,025683333E0	-4,159444971E0	-3,761816920E1
9,042366667E0	-3,218493625E0	-3,736752770E1
9,059050000E0	-2,310837214E0	-3,706891612E1
9,075733333E0	-1,474129548E0	-3,671006432E1
9,092416667E0	-6,918701655E-1	-3,634266458E1
9,109100000E0	1,014272161E-1	-3,594699789E1
9,125783333E0	8,274132113E-1	-3,545278512E1
9,142466667E0	1,502656185E0	-3,495872486E1
9,159150000E0	2,105950016E0	-3,447829065E1
9,175833333E0	2,667425489E0	-3,397874522E1
9,192516667E0	3,158702290E0	-3,351410282E1
9,209200000E0	3,561124213E0	-3,306172558E1
9,225883333E0	3,935971529E0	-3,263831624E1
9,242566667E0	4,274190476E0	-3,222953529E1
9,259250000E0	4,563482346E0	-3,185320984E1
9,275933333E0	4,811407902E0	-3,150793352E1
9,292616667E0	5,003450273E0	-3,120036678E1
9,309300000E0	5,172315603E0	-3,097378558E1
9,325983333E0	5,301277082E0	-3,076558078E1
9,342666667E0	5,387695137E0	-3,062747374E1
9,359350000E0	5,468895085E0	-3,054272904E1
9,376033333E0	5,488396591E0	-3,048144998E1
9,392716667E0	5,476475866E0	-3,049073678E1
9,409400000E0	5,432417151E0	-3,055558451E1
9,426083333E0	5,377340181E0	-3,066768329E1
9,442766667E0	5,274208976E0	-3,084240365E1
9,459450000E0	5,117938233E0	-3,106305126E1
9,476133333E0	4,954367622E0	-3,132552633E1
9,492816667E0	4,726012278E0	-3,162629673E1
9,509500000E0	4,485720170E0	-3,197690335E1
9,526183333E0	4,154844342E0	-3,236783057E1
9,542866667E0	3,809286772E0	-3,277708543E1
9,559550000E0	3,401231211E0	-3,324341480E1
9,576233333E0	2,937842403E0	-3,371446851E1
9,592916667E0	2,415453442E0	-3,422144103E1
9,609600000E0	1,832522317E0	-3,467515147E1
9,626283333E0	1,201027305E0	-3,516614060E1
9,642966667E0	5,017147415E-1	-3,563683583E1
9,659650000E0	-2,098213474E-1	-3,607590864E1
9,676333333E0	-1,073648300E0	-3,650264295E1
9,693016667E0	-1,916028977E0	-3,687965574E1
9,709700000E0	-2,806761153E0	-3,724519421E1
9,726383333E0	-3,758132321E0	-3,756343447E1
9,743066667E0	-4,751907823E0	-3,776857964E1
9,759750000E0	-5,734404044E0	-3,793275647E1
9,776433333E0	-6,774215798E0	-3,803220018E1
9,793116667E0	-7,832276835E0	-3,807337685E1
9,809800000E0	-8,864194655E0	-3,805224858E1
9,826483333E0	-9,863877384E0	-3,796294385E1
9,843166667E0	-1,084118373E1	-3,781950150E1
9,859850000E0	-1,177262119E1	-3,760492657E1
9,876533333E0	-1,269530551E1	-3,732867319E1
9,893216667E0	-1,352768137E1	-3,698974245E1
9,909900000E0	-1,432387211E1	-3,660617829E1
9,926583333E0	-1,506542391E1	-3,622963387E1
9,943266667E0	-1,578427085E1	-3,578980988E1
9,959950000E0	-1,646379002E1	-3,534861506E1
9,976633333E0	-1,708201245E1	-3,487489152E1
9,993316667E0	-1,765643891E1	-3,445561104E1
1,001000000E1	-1,818427720E1	-3,401320838E1
1,002668333E1	-1,863676568E1	-3,356170874E1
1,004336667E1	-1,905575321E1	-3,313015881E1
1,006005000E1	-1,939760460E1	-3,272513233E1
1,007673333E1	-1,971015731E1	-3,238072458E1
1,009341667E1	-1,996937907E1	-3,213173646E1
1,011010000E1	-2,018800432E1	-3,184103636E1
1,012678333E1	-2,039741897E1	-3,162174721E1
1,014346667E1	-2,053459184E1	-3,141005419E1
1,016015000E1	-2,066327100E1	-3,131804914E1
1,017683333E1	-2,073148807E1	-3,120958768E1
1,019351667E1	-2,072874698E1	-3,116515899E1
1,021020000E1	-2,073395565E1	-3,115317036E1
1,022688333E1	-2,070840866E1	-3,123159099E1
1,024356667E1	-2,065011096E1	-3,131614664E1
1,026025000E1	-2,052073112E1	-3,146034955E1
1,027693333E1	-2,035232625E1	-3,162576445E1
1,029361667E1	-2,019120834E1	-3,194184093E1
1,031030000E1	-1,997091263E1	-3,224073875E1
1,032698333E1	-1,968450624E1	-3,252351618E1
1,034366667E1	-1,937254119E1	-3,291894105E1
1,036035000E1	-1,903040593E1	-3,332983522E1
1,037703333E1	-1,860619984E1	-3,373557374E1
1,039371667E1	-1,811077563E1	-3,416624756E1
1,041040000E1	-1,759916002E1	-3,461666933E1
1,042708333E1	-1,702193934E1	-3,502568233E1
1,044376667E1	-1,639340654E1	-3,549445069E1
1,046045000E1	-1,570306223E1	-3,592069068E1
1,047713333E1	-1,497581503E1	-3,634290719E1
1,049381667E1	-1,414364639E1	-3,674380640E1
1,051050000E1	-1,329791093E1	-3,707688700E1
1,052718333E1	-1,243471329E1	-3,737243701E1
1,054386667E1	-1,150852567E1	-3,761146544E1
1,056055000E1	-1,056325901E1	-3,781337422E1
1,057723333E1	-9,586111125E0	-3,795786484E1
1,059391667E1	-8,584632296E0	-3,805391872E1
1,061060000E1	-7,595028722E0	-3,805413721E1
1,062728333E1	-6,594292801E0	-3,801143552E1
1,064396667E1	-5,648520675E0	-3,790241741E1
1,066065000E1	-4,686743909E0	-3,772673593E1
1,067733333E1	-3,746991094E0	-3,751827502E1
1,069401667E1	-2,906447640E0	-3,724992088E1
1,071070000E1	-2,087793671E0	-3,695394177E1
1,072738333E1	-1,311816946E0	-3,660181926E1
1,074406667E1	-5,781526299E-1	-3,625902643E1
1,076075000E1	1,336233906E-1	-3,583899581E1
1,077743333E1	8,008547657E-1	-3,540794333E1
1,079411667E1	1,401495310E0	-3,498093316E1
1,081080000E1	1,936863063E0	-3,455944482E1
1,082748333E1	2,440730205E0	-3,411339978E1
1,084416667E1	2,882511113E0	-3,371007750E1
1,086085000E1	3,287238820E0	-3,330977021E1
1,087753333E1	3,629926303E0	-3,294788363E1
1,089421667E1	3,932034278E0	-3,258693036E1
1,091090000E1	4,162204026E0	-3,227077924E1
1,092758333E1	4,400554358E0	-3,200430676E1
1,094426667E1	4,547555319E0	-3,177725274E1
1,096095000E1	4,673138742E0	-3,160897585E1
1,097763333E1	4,789761451E0	-3,147695843E1
1,099431667E1	4,844460010E0	-3,138442921E1
1,101100000E1	4,876202086E0	-3,135822997E1
1,102768333E1	4,882315239E0	-3,138608896E1
1,104436667E1	4,840998564E0	-3,142402428E1
1,106105000E1	4,755108845E0	-3,152337221E1
1,107773333E1	4,682653868E0	-3,169069467E1
1,109441667E1	4,509405024E0	-3,187190097E1
1,111110000E1	4,326907772E0	-3,212968536E1
1,112778333E1	4,095700337E0	-3,243323883E1
1,114446667E1	3,830752606E0	-3,274521066E1
1,116115000E1	3,520043060E0	-3,308902215E1
1,117783333E1	3,153951017E0	-3,348822786E1
1,119451667E1	2,730687994E0	-3,390485052E1
1,121120000E1	2,252447862E0	-3,433428982E1
1,122788333E1	1,736727525E0	-3,475740934E1
1,124456667E1	1,162185876E0	-3,519319936E1
1,126125000E1	5,195675834E-1	-3,563201311E1
1,127793333E1	-1,131305819E-1	-3,602778317E1
1,129461667E1	-8,913731932E-1	-3,641966365E1
1,131130000E1	-1,657789982E0	-3,681377497E1
1,132798333E1	-2,495771039E0	-3,714924022E1
1,134466667E1	-3,371146182E0	-3,745275941E1
1,136135000E1	-4,260259666E0	-3,771201489E1
1,137803333E1	-5,194090908E0	-3,791840718E1
1,139471667E1	-6,132543677E0	-3,804979247E1
1,141140000E1	-7,114002764E0	-3,814410987E1
1,142808333E1	-8,080736123E0	-3,817631284E1
1,144476667E1	-9,028616205E0	-3,817731212E1
1,146145000E1	-9,982603354E0	-3,805288741E1
1,147813333E1	-1,092416141E1	-3,791701330E1
1,149481667E1	-1,181028714E1	-3,773130086E1
1,151150000E1	-1,267364183E1	-3,743797663E1
1,152818333E1	-1,347253339E1	-3,708000171E1
1,154486667E1	-1,421134427E1	-3,676824564E1
1,156155000E1	-1,488646084E1	-3,644319530E1
1,157823333E1	-1,558233814E1	-3,602382795E1
1,159491667E1	-1,623421981E1	-3,562878779E1
1,161160000E1	-1,683581116E1	-3,522878340E1
1,162828333E1	-1,737303491E1	-3,479396993E1
1,164496667E1	-1,786114499E1	-3,443279472E1
1,166165000E1	-1,831781148E1	-3,404220017E1
1,167833333E1	-1,872158706E1	-3,367361071E1
1,169501667E1	-1,905911765E1	-3,333333032E1
1,171170000E1	-1,936672027E1	-3,302328775E1
1,172838333E1	-1,967181782E1	-3,280794486E1
1,174506667E1	-1,980768497E1	-3,252379921E1
1,176175000E1	-2,001079173E1	-3,231237024E1
1,177843333E1	-2,012398714E1	-3,218174362E1
1,179511667E1	-2,020742245E1	-3,206570949E1
1,181180000E1	-2,030261784E1	-3,201290284E1
1,182848333E1	-2,031772650E1	-3,201580229E1
1,184516667E1	-2,030939621E1	-3,202801404E1
1,186185000E1	-2,025751876E1	-3,208739059E1
1,187853333E1	-2,011498954E1	-3,218224344E1
1,189521667E1	-1,998903981E1	-3,237101810E1
1,191190000E1	-1,981071647E1	-3,253349260E1
1,192858333E1	-1,958805996E1	-3,276646685E1
1,194526667E1	-1,934649986E1	-3,304777025E1
1,196195000E1	-1,905455509E1	-3,338566989E1
1,197863333E1	-1,872567676E1	-3,372908777E1
1,199531667E1	-1,833457136E1	-3,410464761E1
1,201200000E1	-1,789687263E1	-3,449648641E1
1,202868333E1	-1,742498838E1	-3,490802940E1
1,204536667E1	-1,685347013E1	-3,530754961E1
1,206205000E1	-1,627168849E1	-3,572219516E1
1,207873333E1	-1,562197039E1	-3,610361778E1
1,209541667E1	-1,490804428E1	-3,653140111E1
1,211210000E1	-1,418762849E1	-3,684904825E1
1,212878333E1	-1,340101804E1	-3,717417377E1
1,214546667E1	-1,257318190E1	-3,748220921E1
1,216215000E1	-1,171328469E1	-3,770850280E1
1,217883333E1	-1,080732085E1	-3,788007288E1
1,219551667E1	-9,876277994E0	-3,805366809E1
1,221220000E1	-8,965079418E0	-3,814928985E1
1,222888333E1	-8,041990846E0	-3,820246381E1
1,224556667E1	-7,076493812E0	-3,819930422E1
1,226225000E1	-6,182987587E0	-3,809985398E1
1,227893333E1	-5,252720979E0	-3,799900447E1
1,229561667E1	-4,369990090E0	-3,782536083E1
1,231230000E1	-3,506843171E0	-3,760110516E1
1,232898333E1	-2,712641807E0	-3,733880687E1
1,234566667E1	-1,970535628E0	-3,704105474E1
1,236235000E1	-1,275258143E0	-3,673905167E1
1,237903333E1	-5,674916321E-1	-3,639208650E1
1,239571667E1	9,540263658E-2	-3,600181785E1
1,241240000E1	7,141421332E-1	-3,562550436E1
1,242908333E1	1,259084534E0	-3,521061206E1
1,244576667E1	1,749560685E0	-3,481336631E1
1,246245000E1	2,203699618E0	-3,443906331E1
1,247913333E1	2,621948698E0	-3,405655249E1
1,249581667E1	2,993654126E0	-3,370491718E1
1,251250000E1	3,313149787E0	-3,339065861E1
1,252918333E1	3,546767402E0	-3,309620079E1
1,254586667E1	3,786104719E0	-3,285116911E1
1,256255000E1	3,981336483E0	-3,262156591E1
1,257923333E1	4,117073484E0	-3,244536756E1
1,259591667E1	4,249723331E0	-3,231183038E1
1,261260000E1	4,307657741E0	-3,223453901E1
1,262928333E1	4,328468459E0	-3,217526454E1
1,264596667E1	4,319864121E0	-3,214904267E1
1,266265000E1	4,310212509E0	-3,221484099E1
1,267933333E1	4,236071849E0	-3,230614010E1
1,269601667E1	4,109428118E0	-3,243763626E1
1,271270000E1	3,975906188E0	-3,260596154E1
1,272938333E1	3,819876372E0	-3,282938146E1
1,274606667E1	3,610817546E0	-3,308764986E1
1,276275000E1	3,329797483E0	-3,337622716E1
1,277943333E1	3,025720031E0	-3,369827359E1
1,279611667E1	2,655788726E0	-3,403645423E1
1,281280000E1	2,268311979E0	-3,441947725E1
1,282948333E1	1,812536063E0	-3,477126091E1
1,284616667E1	1,309458510E0	-3,518727085E1
1,286285000E1	7,448463046E-1	-3,557258247E1
1,287953333E1	1,495205272E-1	-3,596325406E1
1,289621667E1	-4,919019862E-1	-3,634518090E1
1,291290000E1	-1,193594608E0	-3,668216039E1
1,292958333E1	-1,929064653E0	-3,705153616E1
1,294626667E1	-2,715150560E0	-3,734381094E1
1,296295000E1	-3,545285168E0	-3,760373823E1
1,297963333E1	-4,416149345E0	-3,782700219E1
1,299631667E1	-5,306485184E0	-3,804734027E1
1,301300000E1	-6,198151577E0	-3,816870781E1
1,302968333E1	-7,104337770E0	-3,827141880E1
1,304636667E1	-8,041245302E0	-3,834239887E1
1,306305000E1	-8,971571965E0	-3,828140733E1
1,307973333E1	-9,866989963E0	-3,819284255E1
1,309641667E1	-1,073624504E1	-3,811006759E1
1,311310000E1	-1,157811277E1	-3,791121614E1
1,312978333E1	-1,238742056E1	-3,766886050E1
1,314646667E1	-1,315516082E1	-3,734354083E1
1,316315000E1	-1,384818165E1	-3,704141938E1
1,317983333E1	-1,451536024E1	-3,670994545E1
1,319651667E1	-1,516357910E1	-3,637950983E1
1,321320000E1	-1,580304441E1	-3,601476775E1
1,322988333E1	-1,639346396E1	-3,562933420E1
1,324656667E1	-1,693537050E1	-3,529453710E1
1,326325000E1	-1,742804289E1	-3,494319965E1
1,327993333E1	-1,788680524E1	-3,460456016E1
1,329661667E1	-1,827473063E1	-3,425385849E1
1,331330000E1	-1,861175706E1	-3,396017320E1
1,332998333E1	-1,894121451E1	-3,372340129E1
1,334666667E1	-1,921050709E1	-3,344043718E1
1,336335000E1	-1,941623045E1	-3,324925530E1
1,338003333E1	-1,962423886E1	-3,307882693E1
1,339671667E1	-1,975957522E1	-3,293580874E1
1,341340000E1	-1,985454180E1	-3,284804046E1
1,343008333E1	-1,990781055E1	-3,275566089E1
1,344676667E1	-1,991799253E1	-3,272909692E1
1,346345000E1	-1,988075952E1	-3,274881131E1
1,348013333E1	-1,982896699E1	-3,280220844E1
1,349681667E1	-1,975663568E1	-3,293702997E1
1,351350000E1	-1,960829285E1	-3,305229958E1
1,353018333E1	-1,943232082E1	-3,324198033E1
1,354686667E1	-1,924846938E1	-3,351385719E1
1,356355000E1	-1,893818282E1	-3,374442989E1
1,358023333E1	-1,863275194E1	-3,403455779E1
1,359691667E1	-1,828444797E1	-3,434166744E1
1,361360000E1	-1,790473721E1	-3,469273641E1
1,363028333E1	-1,746233217E1	-3,502262899E1
1,364696667E1	-1,698949368E1	-3,540027764E1
1,366365000E1	-1,642857150E1	-3,574997343E1
1,368033333E1	-1,584619106E1	-3,612517691E1
1,369701667E1	-1,524284291E1	-3,648565884E1
1,371370000E1	-1,454252273E1	-3,681692669E1
1,373038333E1	-1,380768757E1	-3,710871327E1
1,374706667E1	-1,306824978E1	-3,740473768E1
1,376375000E1	-1,224638303E1	-3,763557615E1
1,378043333E1	-1,144925434E1	-3,783878870E1
1,379711667E1	-1,057266687E1	-3,799844502E1
1,381380000E1	-9,696286297E0	-3,814568915E1
1,383048333E1	-8,815363913E0	-3,820498536E1
1,384716667E1	-7,925411972E0	-3,825151265E1
1,386385000E1	-7,024661371E0	-3,820261349E1
1,388053333E1	-6,124028387E0	-3,809532577E1
1,389721667E1	-5,267107475E0	-3,797158128E1
1,391390000E1	-4,434706599E0	-3,781179906E1
1,393058333E1	-3,630588350E0	-3,762940385E1
1,394726667E1	-2,858712235E0	-3,738707543E1
1,396395000E1	-2,157033884E0	-3,716099981E1
1,398063333E1	-1,488437925E0	-3,685061146E1
1,399731667E1	-8,174325544E-1	-3,651367269E1
1,401400000E1	-1,755499421E-1	-3,616639926E1
1,403068333E1	3,969986537E-1	-3,580806895E1
1,404736667E1	9,307680142E-1	-3,543403921E1
1,406405000E1	1,403882206E0	-3,508000077E1
1,408073333E1	1,837675791E0	-3,474258188E1
1,409741667E1	2,217355968E0	-3,443067634E1
1,411410000E1	2,581050704E0	-3,412340463E1
1,413078333E1	2,866797098E0	-3,382353889E1
1,414746667E1	3,113412774E0	-3,357877719E1
1,416415000E1	3,327449255E0	-3,336850892E1
1,418083333E1	3,501527658E0	-3,318046895E1
1,419751667E1	3,628376354E0	-3,304518547E1
1,421420000E1	3,726097869E0	-3,295183805E1
1,423088333E1	3,789653613E0	-3,287244506E1
1,424756667E1	3,817228672E0	-3,285177941E1
1,426425000E1	3,813103386E0	-3,285935605E1
1,428093333E1	3,758503700E0	-3,289071994E1
1,429761667E1	3,690481480E0	-3,298751422E1
1,431430000E1	3,549471809E0	-3,311554806E1
1,433098333E1	3,411027671E0	-3,328929205E1
1,434766667E1	3,220649055E0	-3,350304306E1
1,436435000E1	2,960692836E0	-3,372647966E1
1,438103333E1	2,701574918E0	-3,401704404E1
1,439771667E1	2,372888516E0	-3,431866740E1
1,441440000E1	2,018596405E0	-3,464169149E1
1,443108333E1	1,604331360E0	-3,498821027E1
1,444776667E1	1,118062456E0	-3,532712039E1
1,446445000E1	6,162223747E-1	-3,569052317E1
1,448113333E1	7,931722599E-2	-3,603286885E1
