masa_A
t	x	y
1,961960000E1	-2,327353287E1	-2,275948220E1
1,963628333E1	-2,325334290E1	-2,285616266E1
1,965296667E1	-2,324289238E1	-2,305698027E1
1,966965000E1	-2,317361178E1	-2,329149621E1
1,968633333E1	-2,317189534E1	-2,360013413E1
1,970301667E1	-2,313189169E1	-2,397846476E1
1,971970000E1	-2,306488859E1	-2,443501725E1
1,973638333E1	-2,301416641E1	-2,495978352E1
1,975306667E1	-2,289021252E1	-2,556829545E1
1,976975000E1	-2,274142387E1	-2,619041930E1
1,978643333E1	-2,259748638E1	-2,692835617E1
1,980311667E1	-2,235187682E1	-2,772221280E1
1,981980000E1	-2,203972277E1	-2,853988107E1
1,983648333E1	-2,164685050E1	-2,938767479E1
1,985316667E1	-2,116020565E1	-3,029736203E1
1,986985000E1	-2,060364687E1	-3,124412361E1
1,988653333E1	-1,995487403E1	-3,216351320E1
1,990321667E1	-1,918575920E1	-3,306606080E1
1,991990000E1	-1,830579836E1	-3,394394998E1
1,993658333E1	-1,731808275E1	-3,477786232E1
1,995326667E1	-1,626076779E1	-3,558253956E1
1,996995000E1	-1,511566079E1	-3,628578056E1
1,998663333E1	-1,377232645E1	-3,694494511E1
2,000331667E1	-1,247868144E1	-3,742949857E1
2,002000000E1	-1,109445064E1	-3,783021731E1
2,003668333E1	-9,602298556E0	-3,808221155E1
2,005336667E1	-8,138869515E0	-3,821202839E1
2,007005000E1	-6,734659822E0	-3,821216310E1
2,008673333E1	-5,288508943E0	-3,802086576E1
2,010341667E1	-3,910528679E0	-3,776487687E1
2,012010000E1	-2,532969673E0	-3,735489472E1
2,013678333E1	-1,294160128E0	-3,686202745E1
2,015346667E1	-1,304962354E-1	-3,625709686E1
2,017015000E1	9,972655464E-1	-3,557201014E1
2,018683333E1	2,037884857E0	-3,479676534E1
2,020351667E1	2,959502259E0	-3,398730198E1
2,022020000E1	3,790169971E0	-3,314468869E1
2,023688333E1	4,556529646E0	-3,226238425E1
2,025356667E1	5,173363788E0	-3,136964229E1
2,027025000E1	5,697106970E0	-3,051835671E1
2,028693333E1	6,117181762E0	-2,965143900E1
2,030361667E1	6,540191304E0	-2,880143589E1
2,032030000E1	6,831271171E0	-2,804263477E1
2,033698333E1	7,079631933E0	-2,733856064E1
2,035366667E1	7,265482022E0	-2,670923343E1
2,037035000E1	7,397044537E0	-2,614618421E1
2,038703333E1	7,508594814E0	-2,557875923E1
2,040371667E1	7,601706750E0	-2,511628690E1
2,042040000E1	7,667291937E0	-2,470682849E1
2,043708333E1	7,677283471E0	-2,437030085E1
2,045376667E1	7,702045897E0	-2,409383051E1
2,047045000E1	7,737525217E0	-2,391015305E1
2,048713333E1	7,726100443E0	-2,377147150E1
2,050381667E1	7,721079754E0	-2,373638347E1
2,052050000E1	7,733117634E0	-2,375830792E1
2,053718333E1	7,714308982E0	-2,385166399E1
2,055386667E1	7,732979419E0	-2,398796370E1
2,057055000E1	7,673373582E0	-2,424891825E1
2,058723333E1	7,655344670E0	-2,453910629E1
2,060391667E1	7,574999401E0	-2,491728320E1
2,062060000E1	7,507523178E0	-2,535042995E1
2,063728333E1	7,404633064E0	-2,586589647E1
2,065396667E1	7,269059175E0	-2,642585985E1
2,067065000E1	7,104837013E0	-2,705135450E1
2,068733333E1	6,881312880E0	-2,774939771E1
2,070401667E1	6,622461032E0	-2,849822746E1
2,072070000E1	6,268308221E0	-2,930371563E1
2,073738333E1	5,881028832E0	-3,012460229E1
2,075406667E1	5,367433576E0	-3,099428538E1
2,077075000E1	4,778203597E0	-3,185230492E1
2,078743333E1	4,094150099E0	-3,273620293E1
2,080411667E1	3,356757362E0	-3,360247542E1
2,082080000E1	2,437469282E0	-3,444083676E1
2,083748333E1	1,455629128E0	-3,523812677E1
2,085416667E1	3,993992483E-1	-3,593653411E1
2,087085000E1	-8,094717457E-1	-3,661187510E1
2,088753333E1	-2,063453768E0	-3,717393262E1
2,090421667E1	-3,373219458E0	-3,762000000E1
2,092090000E1	-4,764486100E0	-3,796324273E1
2,093758333E1	-6,171514507E0	-3,815995884E1
2,095426667E1	-7,554065421E0	-3,822662022E1
2,097095000E1	-8,935604666E0	-3,817409527E1
2,098763333E1	-1,036947278E1	-3,797155958E1
2,100431667E1	-1,173941273E1	-3,772158007E1
2,102100000E1	-1,296351850E1	-3,730555415E1
2,103768333E1	-1,424660724E1	-3,684495506E1
2,105436667E1	-1,533180040E1	-3,626472110E1
2,107105000E1	-1,634551694E1	-3,566868834E1
2,108773333E1	-1,729626004E1	-3,497355216E1
2,110441667E1	-1,822160528E1	-3,419807358E1
2,112110000E1	-1,904538891E1	-3,338671059E1
2,113778333E1	-1,974499864E1	-3,255245794E1
2,115446667E1	-2,040975658E1	-3,176068287E1
2,117115000E1	-2,091305441E1	-3,095467953E1
2,118783333E1	-2,137745483E1	-3,016458630E1
2,120451667E1	-2,177404140E1	-2,941024994E1
2,122120000E1	-2,209970533E1	-2,871612857E1
2,123788333E1	-2,239452513E1	-2,803013530E1
2,125456667E1	-2,259748808E1	-2,743766965E1
2,127125000E1	-2,274320274E1	-2,690116319E1
2,128793333E1	-2,284264930E1	-2,640133852E1
2,130461667E1	-2,296430846E1	-2,598524902E1
2,132130000E1	-2,305566467E1	-2,565207400E1
2,133798333E1	-2,310049477E1	-2,535823764E1
2,135466667E1	-2,312271707E1	-2,513848528E1
2,137135000E1	-2,311376981E1	-2,498603291E1
2,138803333E1	-2,312908223E1	-2,492651146E1
2,140471667E1	-2,311745786E1	-2,492679537E1
2,142140000E1	-2,310458818E1	-2,497515111E1
2,143808333E1	-2,309843246E1	-2,512863500E1
2,145476667E1	-2,306595783E1	-2,534445187E1
2,147145000E1	-2,299352208E1	-2,560813563E1
2,148813333E1	-2,293054188E1	-2,598586286E1
2,150481667E1	-2,282680304E1	-2,639347248E1
2,152150000E1	-2,271142363E1	-2,689064130E1
2,153818333E1	-2,255083704E1	-2,741295158E1
2,155486667E1	-2,231551165E1	-2,800966233E1
2,157155000E1	-2,204824196E1	-2,868600487E1
2,158823333E1	-2,169041376E1	-2,942112738E1
2,160491667E1	-2,133594896E1	-3,014534794E1
2,162160000E1	-2,087144891E1	-3,093844324E1
2,163828333E1	-2,031211226E1	-3,173741766E1
2,165496667E1	-1,970793335E1	-3,256423767E1
2,167165000E1	-1,899582133E1	-3,336404246E1
2,168833333E1	-1,818217506E1	-3,417077089E1
2,170501667E1	-1,728098370E1	-3,493056897E1
2,172170000E1	-1,628794213E1	-3,565502446E1
2,173838333E1	-1,525027834E1	-3,632922027E1
2,175506667E1	-1,404993913E1	-3,687013524E1
2,177175000E1	-1,285635663E1	-3,736401960E1
2,178843333E1	-1,159084783E1	-3,774863722E1
2,180511667E1	-1,024992172E1	-3,808929323E1
2,182180000E1	-8,892564356E0	-3,823276912E1
2,183848333E1	-7,553545228E0	-3,826333263E1
2,185516667E1	-6,172679291E0	-3,819376837E1
2,187185000E1	-4,845537519E0	-3,801520476E1
2,188853333E1	-3,595640968E0	-3,771798832E1
2,190521667E1	-2,366604413E0	-3,732203813E1
2,192190000E1	-1,228942585E0	-3,686781506E1
2,193858333E1	-1,132344886E-1	-3,631173515E1
2,195526667E1	9,211605176E-1	-3,568835681E1
2,197195000E1	1,882626782E0	-3,497545572E1
2,198863333E1	2,734996583E0	-3,425787020E1
2,200531667E1	3,530066964E0	-3,348420373E1
2,202200000E1	4,247831416E0	-3,271816307E1
2,203868333E1	4,855176707E0	-3,191824228E1
2,205536667E1	5,387238171E0	-3,116122084E1
2,207205000E1	5,822867002E0	-3,039535125E1
2,208873333E1	6,198316436E0	-2,968569592E1
2,210541667E1	6,516646955E0	-2,902657499E1
2,212210000E1	6,781044834E0	-2,839206643E1
2,213878333E1	6,996566405E0	-2,781307269E1
2,215546667E1	7,148909714E0	-2,735662574E1
2,217215000E1	7,255393824E0	-2,691639889E1
2,218883333E1	7,338864775E0	-2,655490980E1
2,220551667E1	7,418430670E0	-2,621722835E1
2,222220000E1	7,467619276E0	-2,595615581E1
2,223888333E1	7,513027425E0	-2,577200473E1
2,225556667E1	7,523118839E0	-2,565958094E1
2,227225000E1	7,511069362E0	-2,561319345E1
2,228893333E1	7,508283537E0	-2,565210679E1
2,230561667E1	7,476980934E0	-2,575276095E1
2,232230000E1	7,455094012E0	-2,588897449E1
2,233898333E1	7,395894246E0	-2,614231311E1
2,235566667E1	7,315492097E0	-2,644734449E1
2,237235000E1	7,224794545E0	-2,681160580E1
2,238903333E1	7,090743752E0	-2,723235911E1
2,240571667E1	6,931669572E0	-2,774321594E1
2,242240000E1	6,731678590E0	-2,828492851E1
2,243908333E1	6,458773188E0	-2,890853492E1
2,245576667E1	6,161075968E0	-2,955115034E1
2,247245000E1	5,810069741E0	-3,026538790E1
2,248913333E1	5,386120420E0	-3,099208643E1
2,250581667E1	4,881307138E0	-3,175502143E1
2,252250000E1	4,322897209E0	-3,253028118E1
2,253918333E1	3,657707304E0	-3,330431566E1
2,255586667E1	2,908892020E0	-3,405078914E1
2,257255000E1	2,048033489E0	-3,481263376E1
2,258923333E1	1,127066470E0	-3,547701066E1
2,260591667E1	1,635624270E-1	-3,612466901E1
2,262260000E1	-9,835709622E-1	-3,673019472E1
2,263928333E1	-2,126811200E0	-3,722066415E1
2,265596667E1	-3,388850412E0	-3,766976994E1
2,267265000E1	-4,621774774E0	-3,794508993E1
2,268933333E1	-5,908043092E0	-3,819348432E1
2,270601667E1	-7,264307216E0	-3,825897507E1
2,272270000E1	-8,594089256E0	-3,823622829E1
2,273938333E1	-9,911932143E0	-3,810069875E1
2,275606667E1	-1,116971149E1	-3,790673709E1
2,277275000E1	-1,241670866E1	-3,757329853E1
2,278943333E1	-1,355931792E1	-3,717107680E1
2,280611667E1	-1,468621347E1	-3,665706176E1
2,282280000E1	-1,565518414E1	-3,612978468E1
2,283948333E1	-1,656000076E1	-3,555594944E1
2,285616667E1	-1,749073375E1	-3,490080533E1
2,287285000E1	-1,830383854E1	-3,419648120E1
2,288953333E1	-1,906375127E1	-3,347079451E1
2,290621667E1	-1,970752153E1	-3,273927143E1
2,292290000E1	-2,026225807E1	-3,203618784E1
2,293958333E1	-2,075797110E1	-3,133138053E1
2,295626667E1	-2,117785325E1	-3,068085028E1
2,297295000E1	-2,156258992E1	-3,009202373E1
2,298963333E1	-2,183491980E1	-2,949307773E1
2,300631667E1	-2,207996533E1	-2,890809665E1
2,302300000E1	-2,228624175E1	-2,843704320E1
2,303968333E1	-2,241567790E1	-2,797832541E1
2,305636667E1	-2,257888036E1	-2,761408461E1
2,307305000E1	-2,266740752E1	-2,731377199E1
2,308973333E1	-2,273537135E1	-2,703964903E1
2,310641667E1	-2,281637914E1	-2,689307839E1
2,312310000E1	-2,284285940E1	-2,677168229E1
2,313978333E1	-2,284317738E1	-2,672095347E1
2,315646667E1	-2,283832434E1	-2,674330684E1
2,317315000E1	-2,281827119E1	-2,681217953E1
2,318983333E1	-2,279195442E1	-2,700334669E1
2,320651667E1	-2,271197899E1	-2,722953261E1
2,322320000E1	-2,262993294E1	-2,751060109E1
2,323988333E1	-2,249482426E1	-2,785446359E1
2,325656667E1	-2,236273027E1	-2,826762044E1
2,327325000E1	-2,215933909E1	-2,873273009E1
2,328993333E1	-2,191637348E1	-2,928807890E1
2,330661667E1	-2,167010238E1	-2,987753761E1
2,332330000E1	-2,129758738E1	-3,050462829E1
2,333998333E1	-2,089324951E1	-3,120013803E1
2,335666667E1	-2,041184341E1	-3,186300865E1
2,337335000E1	-1,990632995E1	-3,257815419E1
2,339003333E1	-1,927503347E1	-3,328209947E1
2,340671667E1	-1,858006724E1	-3,401449370E1
2,342340000E1	-1,781553597E1	-3,470411049E1
2,344008333E1	-1,692823859E1	-3,538608425E1
2,345676667E1	-1,597889954E1	-3,599153428E1
2,347345000E1	-1,499955582E1	-3,657934103E1
2,349013333E1	-1,390148129E1	-3,711621328E1
2,350681667E1	-1,269809162E1	-3,754186500E1
2,352350000E1	-1,153029718E1	-3,790560531E1
2,354018333E1	-1,028714373E1	-3,813716957E1
2,355686667E1	-9,008117983E0	-3,828228281E1
2,357355000E1	-7,746134092E0	-3,834054408E1
2,359023333E1	-6,480532508E0	-3,828634536E1
2,360691667E1	-5,215114287E0	-3,813571158E1
2,362360000E1	-4,063116032E0	-3,791376215E1
2,364028333E1	-2,865444200E0	-3,758381262E1
2,365696667E1	-1,752864047E0	-3,715189784E1
2,367365000E1	-7,203676846E-1	-3,668736440E1
2,369033333E1	2,194091692E-1	-3,615713457E1
2,370701667E1	1,200889921E0	-3,554478486E1
2,372370000E1	2,061814932E0	-3,490248516E1
2,374038333E1	2,825438945E0	-3,423000487E1
2,375706667E1	3,501851233E0	-3,356426635E1
2,377375000E1	4,132944623E0	-3,286385724E1
2,379043333E1	4,693905323E0	-3,220512806E1
2,380711667E1	5,157252614E0	-3,153044296E1
2,382380000E1	5,573307910E0	-3,090843834E1
2,384048333E1	5,922186878E0	-3,031601404E1
2,385716667E1	6,235062151E0	-2,974730401E1
2,387385000E1	6,463836105E0	-2,924127879E1
2,389053333E1	6,665364464E0	-2,880182513E1
2,390721667E1	6,824189990E0	-2,838286986E1
2,392390000E1	6,937584228E0	-2,804224240E1
2,394058333E1	7,034444640E0	-2,776634183E1
2,395726667E1	7,111762825E0	-2,755173157E1
2,397395000E1	7,138906328E0	-2,740191704E1
2,399063333E1	7,169213966E0	-2,733248536E1
2,400731667E1	7,166154032E0	-2,732052133E1
2,402400000E1	7,137863506E0	-2,734298841E1
2,404068333E1	7,114760091E0	-2,745383619E1
2,405736667E1	7,043132581E0	-2,764942841E1
2,407405000E1	6,957886890E0	-2,786939911E1
2,409073333E1	6,848338868E0	-2,817731451E1
2,410741667E1	6,700668520E0	-2,854195187E1
2,412410000E1	6,531282030E0	-2,898342338E1
2,414078333E1	6,310785237E0	-2,945233698E1
2,415746667E1	6,052985512E0	-2,997993729E1
2,417415000E1	5,731410507E0	-3,055433702E1
2,419083333E1	5,359973936E0	-3,115458611E1
2,420751667E1	4,916511214E0	-3,180016583E1
2,422420000E1	4,387717921E0	-3,246981380E1
2,424088333E1	3,831310147E0	-3,315453725E1
2,425756667E1	3,150210167E0	-3,382708941E1
2,427425000E1	2,437002891E0	-3,452672420E1
2,429093333E1	1,620379311E0	-3,518351537E1
2,430761667E1	7,312710346E-1	-3,580296409E1
2,432430000E1	-1,990511790E-1	-3,639326785E1
2,434098333E1	-1,294365667E0	-3,691151561E1
2,435766667E1	-2,361291831E0	-3,735086274E1
2,437435000E1	-3,500769079E0	-3,776841230E1
2,439103333E1	-4,706266659E0	-3,803371965E1
2,440771667E1	-5,928456896E0	-3,827265078E1
2,442440000E1	-7,145203819E0	-3,835175428E1
2,444108333E1	-8,399212225E0	-3,831059090E1
2,445776667E1	-9,624906664E0	-3,825676175E1
2,447445000E1	-1,079786026E1	-3,807356839E1
2,449113333E1	-1,196369659E1	-3,781438735E1
2,450781667E1	-1,303417913E1	-3,749567890E1
2,452450000E1	-1,407569157E1	-3,703766037E1
2,454118333E1	-1,504470205E1	-3,658358200E1
2,455786667E1	-1,595857141E1	-3,608332150E1
2,457455000E1	-1,685176576E1	-3,552277646E1
2,459123333E1	-1,769236137E1	-3,488883594E1
2,460791667E1	-1,842039236E1	-3,439907220E1
2,462460000E1	-1,905231688E1	-3,379427381E1
2,464128333E1	-1,961475512E1	-3,317167129E1
2,465796667E1	-2,004792928E1	-3,255004673E1
2,467465000E1	-2,039514194E1	-3,196700955E1
2,469133333E1	-2,077913080E1	-3,143768672E1
2,470801667E1	-2,110144103E1	-3,092662241E1
2,472470000E1	-2,143496212E1	-3,050238198E1
2,474138333E1	-2,161969923E1	-3,003060959E1
2,475806667E1	-2,181003248E1	-2,968302536E1
2,477475000E1	-2,193601607E1	-2,937457636E1
2,479143333E1	-2,203191199E1	-2,909666667E1
2,480811667E1	-2,214337405E1	-2,893834764E1
2,482480000E1	-2,214591960E1	-2,881471248E1
2,484148333E1	-2,217768744E1	-2,875164043E1
2,485816667E1	-2,216965660E1	-2,872746864E1
2,487485000E1	-2,213047210E1	-2,880220787E1
2,489153333E1	-2,205999138E1	-2,889195448E1
2,490821667E1	-2,201564871E1	-2,908470291E1
2,492490000E1	-2,187269955E1	-2,931525107E1
2,494158333E1	-2,175251035E1	-2,960075701E1
2,495826667E1	-2,155635472E1	-3,001410379E1
2,497495000E1	-2,136083884E1	-3,040344195E1
2,499163333E1	-2,105455146E1	-3,083152366E1
2,500831667E1	-2,075708063E1	-3,133202891E1
2,502500000E1	-2,036623268E1	-3,188462621E1
2,504168333E1	-1,994334153E1	-3,244266519E1
2,505836667E1	-1,943647317E1	-3,304010561E1
2,507505000E1	-1,887219776E1	-3,366645230E1
2,509173333E1	-1,823670757E1	-3,427744402E1
2,510841667E1	-1,753987368E1	-3,487653213E1
2,512510000E1	-1,679515900E1	-3,546915641E1
2,514178333E1	-1,595295715E1	-3,604053322E1
2,515846667E1	-1,507064327E1	-3,658512018E1
2,517515000E1	-1,408718260E1	-3,708440604E1
2,519183333E1	-1,309059999E1	-3,750262862E1
2,520851667E1	-1,199471153E1	-3,784961952E1
2,522520000E1	-1,087698418E1	-3,812347997E1
2,524188333E1	-9,745964733E0	-3,836724273E1
2,525856667E1	-8,604471425E0	-3,847347720E1
2,527525000E1	-7,433444579E0	-3,849398760E1
2,529193333E1	-6,264800801E0	-3,847175227E1
2,530861667E1	-5,149267555E0	-3,831544452E1
2,532530000E1	-4,047532975E0	-3,810359341E1
2,534198333E1	-2,973887545E0	-3,784133616E1
2,535866667E1	-1,951982191E0	-3,750026888E1
2,537535000E1	-1,028624888E0	-3,712564359E1
2,539203333E1	-9,633900328E-2	-3,662325364E1
2,540871667E1	7,843027072E-1	-3,607725291E1
2,542540000E1	1,569090882E0	-3,554719377E1
2,544208333E1	2,281330530E0	-3,499712527E1
2,545876667E1	2,900181896E0	-3,443021470E1
2,547545000E1	3,477946026E0	-3,390347792E1
2,549213333E1	3,984628190E0	-3,333932925E1
2,550881667E1	4,439399827E0	-3,282414019E1
2,552550000E1	4,839657873E0	-3,231551622E1
2,554218333E1	5,182886530E0	-3,186130435E1
2,555886667E1	5,461282527E0	-3,142022295E1
2,557555000E1	5,704387873E0	-3,104393726E1
2,559223333E1	5,889655541E0	-3,069822345E1
2,560891667E1	6,062038524E0	-3,039539705E1
2,562560000E1	6,177253267E0	-3,016890009E1
2,564228333E1	6,274605459E0	-2,997035608E1
2,565896667E1	6,354262253E0	-2,984731346E1
2,567565000E1	6,383255271E0	-2,976864345E1
2,569233333E1	6,375891661E0	-2,976070520E1
2,570901667E1	6,353523630E0	-2,978193048E1
2,572570000E1	6,288236459E0	-2,988743861E1
2,574238333E1	6,225216014E0	-3,006355314E1
2,575906667E1	6,101647124E0	-3,028056648E1
2,577575000E1	5,958502048E0	-3,054952916E1
2,579243333E1	5,768853207E0	-3,087098055E1
2,580911667E1	5,541173346E0	-3,123779912E1
2,582580000E1	5,285571198E0	-3,167451151E1
2,584248333E1	4,948973295E0	-3,211801695E1
2,585916667E1	4,582438739E0	-3,262549487E1
2,587585000E1	4,133849051E0	-3,313793443E1
2,589253333E1	3,669263779E0	-3,368626465E1
2,590921667E1	3,083200278E0	-3,423477675E1
2,592590000E1	2,471189027E0	-3,479154485E1
2,594258333E1	1,809308310E0	-3,533960830E1
2,595926667E1	1,074467902E0	-3,588107641E1
2,597595000E1	2,523909681E-1	-3,639975364E1
2,599263333E1	-6,499971318E-1	-3,685356387E1
2,600931667E1	-1,566946016E0	-3,730714389E1
2,602600000E1	-2,548837568E0	-3,771661576E1
2,604268333E1	-3,532503830E0	-3,805940797E1
2,605936667E1	-4,590862649E0	-3,831432224E1
2,607605000E1	-5,683322321E0	-3,849829627E1
2,609273333E1	-6,795535105E0	-3,861085665E1
2,610941667E1	-7,941450381E0	-3,867661948E1
2,612610000E1	-9,015150403E0	-3,866747416E1
2,614278333E1	-1,011519775E1	-3,852601151E1
2,615946667E1	-1,117825728E1	-3,831077460E1
2,617615000E1	-1,220958492E1	-3,806651376E1
2,619283333E1	-1,316735949E1	-3,768550183E1
2,620951667E1	-1,405966710E1	-3,732311566E1
2,622620000E1	-1,490374149E1	-3,687504561E1
2,624288333E1	-1,567641565E1	-3,647700089E1
2,625956667E1	-1,650203720E1	-3,597111601E1
2,627625000E1	-1,723999520E1	-3,550851314E1
2,629293333E1	-1,795238603E1	-3,503690424E1
2,630961667E1	-1,853262755E1	-3,450987878E1
2,632630000E1	-1,900943084E1	-3,402480480E1
2,634298333E1	-1,941902721E1	-3,350438354E1
2,635966667E1	-1,979507513E1	-3,313270540E1
2,637635000E1	-2,014597409E1	-3,264443695E1
2,639303333E1	-2,045529448E1	-3,228343941E1
2,640971667E1	-2,074031176E1	-3,191401486E1
2,642640000E1	-2,092153946E1	-3,164963401E1
2,644308333E1	-2,104032811E1	-3,136442194E1
2,645976667E1	-2,120256853E1	-3,116620771E1
2,647645000E1	-2,131982403E1	-3,102270068E1
2,649313333E1	-2,136206046E1	-3,091547356E1
2,650981667E1	-2,141658877E1	-3,091245825E1
2,652650000E1	-2,143538289E1	-3,092607339E1
2,654318333E1	-2,134095507E1	-3,096634522E1
2,655986667E1	-2,126580364E1	-3,106412751E1
2,657655000E1	-2,116674750E1	-3,123618290E1
2,659323333E1	-2,101787170E1	-3,146767608E1
2,660991667E1	-2,087179110E1	-3,177716065E1
2,662660000E1	-2,065475412E1	-3,209976044E1
2,664328333E1	-2,035435210E1	-3,246569134E1
2,665996667E1	-2,004779342E1	-3,281935263E1
2,667665000E1	-1,972016363E1	-3,324814829E1
2,669333333E1	-1,925981698E1	-3,371547844E1
2,671001667E1	-1,880518639E1	-3,420991614E1
2,672670000E1	-1,827366432E1	-3,471132323E1
2,674338333E1	-1,771786057E1	-3,517086295E1
2,676006667E1	-1,701596788E1	-3,569104898E1
2,677675000E1	-1,630935783E1	-3,619931271E1
2,679343333E1	-1,550812802E1	-3,667395450E1
2,681011667E1	-1,469285222E1	-3,708051722E1
2,682680000E1	-1,381415427E1	-3,747953878E1
2,684348333E1	-1,288496864E1	-3,784569796E1
2,686016667E1	-1,193151963E1	-3,809590426E1
2,687685000E1	-1,091819509E1	-3,833205800E1
2,689353333E1	-9,854281711E0	-3,850780094E1
2,691021667E1	-8,805812787E0	-3,865597471E1
2,692690000E1	-7,766199826E0	-3,867670548E1
2,694358333E1	-6,707693224E0	-3,862863938E1
2,696026667E1	-5,651448835E0	-3,852135162E1
2,697695000E1	-4,656938990E0	-3,834551274E1
2,699363333E1	-3,642416979E0	-3,811022397E1
2,701031667E1	-2,689309126E0	-3,786891075E1
2,702700000E1	-1,836058379E0	-3,752268215E1
2,704368333E1	-1,017382406E0	-3,723031775E1
2,706036667E1	-2,136346668E-1	-3,679349800E1
2,707705000E1	5,672679352E-1	-3,631709777E1
2,709373333E1	1,254110505E0	-3,584192432E1
2,711041667E1	1,915750667E0	-3,534343895E1
2,712710000E1	2,481289749E0	-3,486105313E1
2,714378333E1	3,035406067E0	-3,437506551E1
2,716046667E1	3,511962191E0	-3,391303995E1
2,717715000E1	3,910914893E0	-3,345987130E1
2,719383333E1	4,274381688E0	-3,305147192E1
2,721051667E1	4,594716160E0	-3,264850232E1
2,722720000E1	4,852325182E0	-3,229514392E1
2,724388333E1	5,085572775E0	-3,197650275E1
2,726056667E1	5,268541283E0	-3,169761551E1
2,727725000E1	5,403963422E0	-3,146096459E1
2,729393333E1	5,522887787E0	-3,130406056E1
2,731061667E1	5,598521749E0	-3,117014441E1
2,732730000E1	5,658515793E0	-3,112276180E1
2,734398333E1	5,666012704E0	-3,110041806E1
2,736066667E1	5,610260753E0	-3,113789076E1
2,737735000E1	5,567958254E0	-3,123395704E1
2,739403333E1	5,478370410E0	-3,135601700E1
2,741071667E1	5,363479378E0	-3,155914643E1
2,742740000E1	5,186538752E0	-3,177992079E1
2,744408333E1	4,989867779E0	-3,209072761E1
2,746076667E1	4,752225146E0	-3,242225711E1
2,747745000E1	4,474236760E0	-3,277811115E1
2,749413333E1	4,138448102E0	-3,317061308E1
2,751081667E1	3,754547922E0	-3,361788077E1
2,752750000E1	3,332902961E0	-3,404237004E1
2,754418333E1	2,848140205E0	-3,454297109E1
2,756086667E1	2,266592909E0	-3,500394089E1
2,757755000E1	1,664018348E0	-3,550153483E1
2,759423333E1	1,018328631E0	-3,597577168E1
2,761091667E1	3,161370808E-1	-3,643734586E1
2,762760000E1	-4,833777493E-1	-3,685006878E1
2,764428333E1	-1,327607343E0	-3,727460047E1
2,766096667E1	-2,225573821E0	-3,764313339E1
2,767765000E1	-3,137358364E0	-3,796353520E1
2,769433333E1	-4,118039007E0	-3,824397512E1
2,771101667E1	-5,081592149E0	-3,846100830E1
2,772770000E1	-6,122252581E0	-3,860146448E1
2,774438333E1	-7,117723664E0	-3,871418571E1
2,776106667E1	-8,155593486E0	-3,868117170E1
2,777775000E1	-9,158785271E0	-3,868059676E1
2,779443333E1	-1,018776169E1	-3,858393092E1
2,781111667E1	-1,114990302E1	-3,842363281E1
2,782780000E1	-1,212183342E1	-3,816564950E1
2,784448333E1	-1,301208422E1	-3,780387271E1
2,786116667E1	-1,381452674E1	-3,747969345E1
2,787785000E1	-1,459635003E1	-3,711654493E1
2,789453333E1	-1,532163230E1	-3,672636101E1
2,791121667E1	-1,607191167E1	-3,626809370E1
2,792790000E1	-1,673395301E1	-3,587785573E1
2,794458333E1	-1,734652291E1	-3,540434834E1
2,796126667E1	-1,792849503E1	-3,494012085E1
2,797795000E1	-1,842610099E1	-3,450820628E1
2,799463333E1	-1,888230780E1	-3,408862107E1
2,801131667E1	-1,926290311E1	-3,370249631E1
2,802800000E1	-1,959376962E1	-3,330954752E1
2,804468333E1	-1,989500768E1	-3,297984754E1
2,806136667E1	-2,016137989E1	-3,267611426E1
2,807805000E1	-2,037175269E1	-3,242913575E1
2,809473333E1	-2,053083821E1	-3,225445188E1
2,811141667E1	-2,069210711E1	-3,206401686E1
2,812810000E1	-2,077615501E1	-3,195251353E1
2,814478333E1	-2,083297076E1	-3,186265811E1
2,816146667E1	-2,082693798E1	-3,183679551E1
2,817815000E1	-2,080540725E1	-3,186022798E1
2,819483333E1	-2,075800860E1	-3,195190113E1
2,821151667E1	-2,069165548E1	-3,205690567E1
2,822820000E1	-2,057275685E1	-3,224277724E1
2,824488333E1	-2,041339720E1	-3,247193131E1
2,826156667E1	-2,017100974E1	-3,271345381E1
2,827825000E1	-1,993497072E1	-3,299188978E1
2,829493333E1	-1,967435282E1	-3,336089283E1
2,831161667E1	-1,931696560E1	-3,371419180E1
2,832830000E1	-1,892400740E1	-3,411635364E1
2,834498333E1	-1,851880562E1	-3,451700352E1
2,836166667E1	-1,800817897E1	-3,497903612E1
2,837835000E1	-1,745025711E1	-3,545820001E1
2,839503333E1	-1,688995365E1	-3,587835965E1
2,841171667E1	-1,620290256E1	-3,632449735E1
2,842840000E1	-1,548138523E1	-3,678347669E1
2,844508333E1	-1,472023059E1	-3,715051406E1
2,846176667E1	-1,387869549E1	-3,756373118E1
2,847845000E1	-1,300799646E1	-3,788972114E1
2,849513333E1	-1,209086394E1	-3,815521615E1
2,851181667E1	-1,116779774E1	-3,835538775E1
2,852850000E1	-1,023699946E1	-3,854112695E1
2,854518333E1	-9,224321330E0	-3,868138323E1
2,856186667E1	-8,269196440E0	-3,872202049E1
2,857855000E1	-7,244511292E0	-3,876037506E1
2,859523333E1	-6,233764764E0	-3,870240050E1
2,861191667E1	-5,246879657E0	-3,856623129E1
2,862860000E1	-4,292072857E0	-3,836471914E1
2,864528333E1	-3,397490444E0	-3,815983840E1
2,866196667E1	-2,546853783E0	-3,793350701E1
2,867865000E1	-1,719852802E0	-3,764063570E1
2,869533333E1	-9,544104754E-1	-3,738312325E1
2,871201667E1	-1,891118449E-1	-3,696656718E1
2,872870000E1	5,600290529E-1	-3,658695635E1
2,874538333E1	1,204020048E0	-3,617636600E1
2,876206667E1	1,824307665E0	-3,573035543E1
2,877875000E1	2,383007611E0	-3,529591781E1
2,879543333E1	2,857766899E0	-3,488019950E1
2,881211667E1	3,304916328E0	-3,446583560E1
2,882880000E1	3,694397225E0	-3,405069258E1
2,884548333E1	4,042762589E0	-3,367194706E1
2,886216667E1	4,358545368E0	-3,337139364E1
2,887885000E1	4,589602760E0	-3,306172609E1
2,889553333E1	4,803668145E0	-3,281584061E1
2,891221667E1	4,982122056E0	-3,260294041E1
2,892890000E1	5,105459788E0	-3,241360536E1
2,894558333E1	5,199870864E0	-3,228838093E1
2,896226667E1	5,270564259E0	-3,219612229E1
2,897895000E1	5,297298527E0	-3,218155227E1
2,899563333E1	5,288830847E0	-3,219312568E1
2,901231667E1	5,258464645E0	-3,226879946E1
2,902900000E1	5,175374362E0	-3,240179160E1
2,904568333E1	5,028328763E0	-3,253928446E1
2,906236667E1	4,890262972E0	-3,275002019E1
2,907905000E1	4,695098048E0	-3,298963337E1
2,909573333E1	4,463540839E0	-3,326918939E1
2,911241667E1	4,183482824E0	-3,358522451E1
2,912910000E1	3,827901087E0	-3,393982463E1
2,914578333E1	3,468501151E0	-3,432575344E1
2,916246667E1	3,035949227E0	-3,473703505E1
2,917915000E1	2,563027638E0	-3,516047583E1
2,919583333E1	2,022458032E0	-3,560089752E1
2,921251667E1	1,454649044E0	-3,603339863E1
2,922920000E1	8,169675106E-1	-3,647023332E1
2,924588333E1	1,252616652E-1	-3,683278663E1
2,926256667E1	-6,556804966E-1	-3,726534447E1
2,927925000E1	-1,435539912E0	-3,763093914E1
2,929593333E1	-2,280317539E0	-3,794698324E1
2,931261667E1	-3,161698160E0	-3,823088081E1
2,932930000E1	-4,005398526E0	-3,849313428E1
2,934598333E1	-4,983944513E0	-3,871216809E1
2,936266667E1	-5,913281285E0	-3,880130328E1
2,937935000E1	-6,862703327E0	-3,892761616E1
2,939603333E1	-7,861338969E0	-3,896627495E1
2,941271667E1	-8,843557062E0	-3,889719143E1
2,942940000E1	-9,815480884E0	-3,881166915E1
2,944608333E1	-1,076833690E1	-3,867536221E1
2,946276667E1	-1,164019501E1	-3,840465980E1
2,947945000E1	-1,248725830E1	-3,813127791E1
2,949613333E1	-1,323534897E1	-3,789073493E1
2,951281667E1	-1,396097124E1	-3,747503697E1
2,952950000E1	-1,471748983E1	-3,712444481E1
2,954618333E1	-1,540585796E1	-3,673737880E1
2,956286667E1	-1,609664126E1	-3,635438914E1
2,957955000E1	-1,670600641E1	-3,595914537E1
2,959623333E1	-1,721705716E1	-3,554027720E1
2,961291667E1	-1,775730756E1	-3,516827136E1
2,962960000E1	-1,819867081E1	-3,480576881E1
2,964628333E1	-1,859910851E1	-3,448229202E1
2,966296667E1	-1,895130419E1	-3,409943412E1
2,967965000E1	-1,922154149E1	-3,379268013E1
2,969633333E1	-1,951134794E1	-3,355347750E1
2,971301667E1	-1,971014879E1	-3,334464896E1
2,972970000E1	-1,984077435E1	-3,311810259E1
2,974638333E1	-1,999675277E1	-3,297922088E1
2,976306667E1	-2,007957757E1	-3,284694047E1
2,977975000E1	-2,013151794E1	-3,278838989E1
2,979643333E1	-2,014465218E1	-3,276997382E1
2,981311667E1	-2,013173083E1	-3,280032844E1
2,982980000E1	-2,006399034E1	-3,287000845E1
2,984648333E1	-1,995172935E1	-3,299103910E1
2,986316667E1	-1,979480426E1	-3,312744944E1
2,987985000E1	-1,964318200E1	-3,330076059E1
2,989653333E1	-1,944458319E1	-3,358784387E1
2,991321667E1	-1,917413277E1	-3,383967352E1
2,992990000E1	-1,887823759E1	-3,412307194E1
2,994658333E1	-1,852871135E1	-3,449052317E1
2,996326667E1	-1,813063839E1	-3,485540224E1
2,997995000E1	-1,768569830E1	-3,524972152E1
2,999663333E1	-1,716434051E1	-3,559648767E1
3,001331667E1	-1,664549813E1	-3,600451448E1
3,003000000E1	-1,605297559E1	-3,640111207E1
3,004668333E1	-1,539694870E1	-3,680567532E1
3,006336667E1	-1,468929126E1	-3,715035994E1
3,008005000E1	-1,393712780E1	-3,750464635E1
3,009673333E1	-1,313622264E1	-3,780440943E1
3,011341667E1	-1,229497231E1	-3,805374049E1
3,013010000E1	-1,141057409E1	-3,834462043E1
3,014678333E1	-1,052051388E1	-3,851655432E1
