0,000000000E0	-2,282460357E1	-3,044453302E1
1,668333333E-2	-2,280966087E1	-3,067129625E1
3,336666667E-2	-2,280143561E1	-3,095364208E1
5,005000000E-2	-2,276778965E1	-3,128899933E1
6,673333333E-2	-2,271880643E1	-3,168747869E1
8,341666667E-2	-2,262946983E1	-3,211479988E1
1,001000000E-1	-2,253347728E1	-3,263256464E1
1,167833333E-1	-2,239645594E1	-3,319635885E1
1,334666667E-1	-2,225542801E1	-3,380872299E1
1,501500000E-1	-2,207281965E1	-3,445530507E1
1,668333333E-1	-2,180781294E1	-3,516080835E1
1,835166667E-1	-2,154710118E1	-3,594922168E1
2,002000000E-1	-2,123033722E1	-3,675770312E1
2,168833333E-1	-2,079992786E1	-3,757116103E1
2,335666667E-1	-2,025851993E1	-3,834568998E1
2,502500000E-1	-1,967047464E1	-3,916180763E1
2,669333333E-1	-1,900821487E1	-4,000465210E1
2,836166667E-1	-1,824574299E1	-4,077841600E1
3,003000000E-1	-1,742638264E1	-4,155799499E1
3,169833333E-1	-1,650749401E1	-4,230084724E1
3,336666667E-1	-1,549889337E1	-4,295463707E1
3,503500000E-1	-1,441632835E1	-4,354165549E1
3,670333333E-1	-1,329827516E1	-4,405720783E1
3,837166667E-1	-1,204129883E1	-4,449877379E1
4,004000000E-1	-1,081170138E1	-4,480153007E1
4,170833333E-1	-9,512979009E0	-4,499718933E1
4,337666667E-1	-8,199304857E0	-4,512723594E1
4,504500000E-1	-6,900426015E0	-4,515923789E1
4,671333333E-1	-5,614052216E0	-4,500168757E1
4,838166667E-1	-4,353142713E0	-4,481777173E1
5,005000000E-1	-3,155556760E0	-4,451771219E1
5,171833333E-1	-2,015040739E0	-4,412659583E1
5,338666667E-1	-9,318381996E-1	-4,368171679E1
5,505500000E-1	1,357907314E-1	-4,313512555E1
5,672333333E-1	1,131894204E0	-4,247839357E1
5,839166667E-1	2,057573281E0	-4,180266405E1
6,006000000E-1	2,898308397E0	-4,107795692E1
6,172833333E-1	3,641280950E0	-4,030772093E1
6,339666667E-1	4,277888249E0	-3,953814230E1
6,506500000E-1	4,888488172E0	-3,876864459E1
6,673333333E-1	5,388211808E0	-3,798998133E1
6,840166667E-1	5,834223453E0	-3,720461847E1
7,007000000E-1	6,179696302E0	-3,649733264E1
7,173833333E-1	6,463449607E0	-3,584054216E1
7,340666667E-1	6,701550772E0	-3,516842374E1
7,507500000E-1	6,919890604E0	-3,454181611E1
7,674333333E-1	7,092104671E0	-3,395907920E1
7,841166667E-1	7,228794739E0	-3,342582795E1
8,008000000E-1	7,339865961E0	-3,295066094E1
8,174833333E-1	7,411104049E0	-3,253405256E1
8,341666667E-1	7,448766097E0	-3,215549500E1
8,508500000E-1	7,488221670E0	-3,183264245E1
8,675333333E-1	7,487888711E0	-3,159317556E1
8,842166667E-1	7,506259685E0	-3,139103023E1
9,009000000E-1	7,516882436E0	-3,125744309E1
9,175833333E-1	7,512705995E0	-3,117362219E1
9,342666667E-1	7,513067197E0	-3,115594866E1
9,509500000E-1	7,485832738E0	-3,117984247E1
9,676333333E-1	7,485768412E0	-3,127153211E1
9,843166667E-1	7,472875242E0	-3,141942538E1
1,001000000E0	7,440540921E0	-3,161308132E1
1,017683333E0	7,401146356E0	-3,188851133E1
1,034366667E0	7,341716099E0	-3,222196456E1
1,051050000E0	7,273805475E0	-3,259755632E1
1,067733333E0	7,203213573E0	-3,303948475E1
1,084416667E0	7,073243957E0	-3,351443741E1
1,101100000E0	6,914488021E0	-3,405748273E1
1,117783333E0	6,724252635E0	-3,463843514E1
1,134466667E0	6,510710616E0	-3,528222202E1
1,151150000E0	6,224446028E0	-3,594961324E1
1,167833333E0	5,928318924E0	-3,663916890E1
1,184516667E0	5,537167931E0	-3,737316594E1
1,201200000E0	5,097835409E0	-3,813654140E1
1,217883333E0	4,583551673E0	-3,891079613E1
1,234566667E0	3,999314018E0	-3,966425428E1
1,251250000E0	3,320800816E0	-4,045039545E1
1,267933333E0	2,573631938E0	-4,117806920E1
1,284616667E0	1,731706970E0	-4,187973407E1
1,301300000E0	8,463486158E-1	-4,255498463E1
1,317983333E0	-9,715893148E-2	-4,316563858E1
1,334666667E0	-1,187780156E0	-4,373869501E1
1,351350000E0	-2,329722532E0	-4,421781731E1
1,368033333E0	-3,508725332E0	-4,461337364E1
1,384716667E0	-4,729370182E0	-4,492409995E1
1,401400000E0	-5,980577887E0	-4,511901666E1
1,418083333E0	-7,209507062E0	-4,524777481E1
1,434766667E0	-8,533383313E0	-4,519863109E1
1,451450000E0	-9,741259548E0	-4,508966790E1
1,468133333E0	-1,096982585E1	-4,486704402E1
1,484816667E0	-1,216641779E1	-4,458962366E1
1,501500000E0	-1,325172237E1	-4,417888181E1
1,518183333E0	-1,431220373E1	-4,375531716E1
1,534866667E0	-1,528473836E1	-4,332868315E1
1,551550000E0	-1,621931461E1	-4,276970089E1
1,568233333E0	-1,709942989E1	-4,215020251E1
1,584916667E0	-1,797521181E1	-4,143335185E1
1,601600000E0	-1,869161082E1	-4,072968027E1
1,618283333E0	-1,935370041E1	-3,999570652E1
1,634966667E0	-1,990689853E1	-3,930137369E1
1,651650000E0	-2,042482412E1	-3,853519711E1
1,668333333E0	-2,087917363E1	-3,783387386E1
1,685016667E0	-2,124654987E1	-3,714059464E1
1,701700000E0	-2,156232236E1	-3,650269997E1
1,718383333E0	-2,185839178E1	-3,588238472E1
1,735066667E0	-2,209879891E1	-3,528641963E1
1,751750000E0	-2,227969862E1	-3,473336238E1
1,768433333E0	-2,239804502E1	-3,424668086E1
1,785116667E0	-2,251801151E1	-3,383251882E1
1,801800000E0	-2,260889071E1	-3,343263803E1
1,818483333E0	-2,266178571E1	-3,309171512E1
1,835166667E0	-2,271666134E1	-3,282042870E1
1,851850000E0	-2,274893914E1	-3,260619437E1
1,868533333E0	-2,278327155E1	-3,243627311E1
1,885216667E0	-2,277239570E1	-3,231875861E1
1,901900000E0	-2,276646877E1	-3,228064913E1
1,918583333E0	-2,277315810E1	-3,228922888E1
1,935266667E0	-2,274839904E1	-3,238057880E1
1,951950000E0	-2,272899535E1	-3,250388705E1
1,968633333E0	-2,272187921E1	-3,270137883E1
1,985316667E0	-2,263434305E1	-3,292771533E1
2,002000000E0	-2,258189729E1	-3,322626197E1
2,018683333E0	-2,248690179E1	-3,354573392E1
2,035366667E0	-2,238258272E1	-3,396140529E1
2,052050000E0	-2,224300026E1	-3,444156735E1
2,068733333E0	-2,207397858E1	-3,493617638E1
2,085416667E0	-2,186017623E1	-3,547140563E1
2,102100000E0	-2,163717512E1	-3,608635709E1
2,118783333E0	-2,133151777E1	-3,670178982E1
2,135466667E0	-2,096469493E1	-3,739617623E1
2,152150000E0	-2,057808113E1	-3,806365112E1
2,168833333E0	-2,007134292E1	-3,876920372E1
2,185516667E0	-1,957869839E1	-3,950320491E1
2,202200000E0	-1,895034186E1	-4,022927683E1
2,218883333E0	-1,826611102E1	-4,096789182E1
2,235566667E0	-1,750300699E1	-4,165692988E1
2,252250000E0	-1,667910457E1	-4,233017889E1
2,268933333E0	-1,572842924E1	-4,291057001E1
2,285616667E0	-1,478577524E1	-4,349866153E1
2,302300000E0	-1,375549675E1	-4,397576219E1
2,318983333E0	-1,265009910E1	-4,441794025E1
2,335666667E0	-1,150668826E1	-4,475188385E1
2,352350000E0	-1,034215961E1	-4,501645032E1
2,369033333E0	-9,076489899E0	-4,518129325E1
2,385716667E0	-7,903573551E0	-4,524153434E1
2,402400000E0	-6,649818307E0	-4,521088718E1
2,419083333E0	-5,492806912E0	-4,511874473E1
2,435766667E0	-4,325608981E0	-4,489748836E1
2,452450000E0	-3,208151913E0	-4,461619229E1
2,469133333E0	-2,178540387E0	-4,427964502E1
2,485816667E0	-1,198334851E0	-4,385341576E1
2,502500000E0	-1,693502765E-1	-4,331863553E1
2,519183333E0	7,798771240E-1	-4,273377592E1
2,535866667E0	1,673285989E0	-4,208188928E1
2,552550000E0	2,497368061E0	-4,139989824E1
2,569233333E0	3,214595371E0	-4,071591336E1
2,585916667E0	3,855963181E0	-4,005554557E1
2,602600000E0	4,397330624E0	-3,939051471E1
2,619283333E0	4,898045576E0	-3,873926354E1
2,635966667E0	5,326801631E0	-3,807939597E1
2,652650000E0	5,697335085E0	-3,742329854E1
2,669333333E0	6,007432705E0	-3,677956998E1
2,686016667E0	6,310581338E0	-3,618212325E1
2,702700000E0	6,527747734E0	-3,565687276E1
2,719383333E0	6,697853403E0	-3,519950894E1
2,736066667E0	6,827533773E0	-3,478322155E1
2,752750000E0	6,980406367E0	-3,435420154E1
2,769433333E0	7,067272357E0	-3,401131609E1
2,786116667E0	7,151742759E0	-3,370139994E1
2,802800000E0	7,225915372E0	-3,345231308E1
2,819483333E0	7,268373196E0	-3,325416597E1
2,836166667E0	7,273157730E0	-3,313905288E1
2,852850000E0	7,283448387E0	-3,305013457E1
2,869533333E0	7,279920290E0	-3,302532538E1
2,886216667E0	7,247314850E0	-3,305194615E1
2,902900000E0	7,247625772E0	-3,314677322E1
2,919583333E0	7,220046172E0	-3,327466266E1
2,936266667E0	7,162311554E0	-3,346713736E1
2,952950000E0	7,114669198E0	-3,373764880E1
2,969633333E0	6,992696470E0	-3,407314823E1
2,986316667E0	6,892340311E0	-3,441535165E1
3,003000000E0	6,771535817E0	-3,482509088E1
3,019683333E0	6,599407278E0	-3,527318455E1
3,036366667E0	6,415303950E0	-3,577553908E1
3,053050000E0	6,154751903E0	-3,632272701E1
3,069733333E0	5,859007487E0	-3,691062546E1
3,086416667E0	5,537356065E0	-3,751195901E1
3,103100000E0	5,155175064E0	-3,818154711E1
3,119783333E0	4,707538111E0	-3,883376786E1
3,136466667E0	4,192689053E0	-3,954165540E1
3,153150000E0	3,627210886E0	-4,021747063E1
3,169833333E0	2,984546562E0	-4,088491697E1
3,186516667E0	2,254364746E0	-4,154958841E1
3,203200000E0	1,487590133E0	-4,216831974E1
3,219883333E0	6,335868811E-1	-4,278864611E1
3,236566667E0	-2,443655474E-1	-4,335318289E1
3,253250000E0	-1,276980890E0	-4,386818600E1
3,269933333E0	-2,323385193E0	-4,427682214E1
3,286616667E0	-3,399169183E0	-4,464211923E1
3,303300000E0	-4,557186044E0	-4,497564781E1
3,319983333E0	-5,687384271E0	-4,516018856E1
3,336666667E0	-6,903255903E0	-4,527761991E1
3,353350000E0	-8,065522222E0	-4,530686613E1
3,370033333E0	-9,238866126E0	-4,521048711E1
3,386716667E0	-1,037390562E1	-4,505503537E1
3,403400000E0	-1,145000479E1	-4,484089157E1
3,420083333E0	-1,253300893E1	-4,455069483E1
3,436766667E0	-1,354102464E1	-4,419823564E1
3,453450000E0	-1,446284479E1	-4,380266023E1
3,470133333E0	-1,536786685E1	-4,335099602E1
3,486816667E0	-1,627756051E1	-4,279450248E1
3,503500000E0	-1,707907095E1	-4,219232700E1
3,520183333E0	-1,783056233E1	-4,158050990E1
3,536866667E0	-1,851021670E1	-4,098369900E1
3,553550000E0	-1,911938083E1	-4,033857502E1
3,570233333E0	-1,965406028E1	-3,969338306E1
3,586916667E0	-2,013510858E1	-3,905843342E1
3,603600000E0	-2,052594281E1	-3,845059231E1
3,620283333E0	-2,088346635E1	-3,786606759E1
3,636966667E0	-2,119197235E1	-3,734137796E1
3,653650000E0	-2,143902903E1	-3,682067497E1
3,670333333E0	-2,166373982E1	-3,629126387E1
3,687016667E0	-2,187177375E1	-3,587802080E1
3,703700000E0	-2,202320658E1	-3,548343941E1
3,720383333E0	-2,214608121E1	-3,513172279E1
3,737066667E0	-2,223513656E1	-3,486131404E1
3,753750000E0	-2,231478357E1	-3,462548413E1
3,770433333E0	-2,237484221E1	-3,443064488E1
3,787116667E0	-2,237273253E1	-3,427659174E1
3,803800000E0	-2,243808351E1	-3,422721642E1
3,820483333E0	-2,244308314E1	-3,422377520E1
3,837166667E0	-2,244628108E1	-3,424857380E1
3,853850000E0	-2,243166498E1	-3,434218179E1
3,870533333E0	-2,237915010E1	-3,446800330E1
3,887216667E0	-2,231592176E1	-3,466245390E1
3,903900000E0	-2,221452354E1	-3,489449723E1
3,920583333E0	-2,212952915E1	-3,518298719E1
3,937266667E0	-2,198608213E1	-3,557122444E1
3,953950000E0	-2,186077200E1	-3,597046009E1
3,970633333E0	-2,164131960E1	-3,640423665E1
3,987316667E0	-2,140287106E1	-3,689553611E1
4,004000000E0	-2,116325572E1	-3,741449203E1
4,020683333E0	-2,082909462E1	-3,800227688E1
4,037366667E0	-2,043847407E1	-3,854350733E1
4,054050000E0	-1,999881012E1	-3,913692429E1
4,070733333E0	-1,953753646E1	-3,977011270E1
4,087416667E0	-1,895492723E1	-4,039679861E1
4,104100000E0	-1,832735418E1	-4,105464335E1
4,120783333E0	-1,768209216E1	-4,167079105E1
4,137466667E0	-1,697138247E1	-4,227590453E1
4,154150000E0	-1,614502274E1	-4,284299959E1
4,170833333E0	-1,527708922E1	-4,336762145E1
4,187516667E0	-1,433989418E1	-4,389777721E1
4,204200000E0	-1,336626722E1	-4,432481862E1
4,220883333E0	-1,235059295E1	-4,469342254E1
4,237566667E0	-1,125145819E1	-4,496447046E1
4,254250000E0	-1,017212396E1	-4,522621488E1
4,270933333E0	-9,013705588E0	-4,536645158E1
4,287616667E0	-7,886983341E0	-4,539812817E1
4,304300000E0	-6,738937819E0	-4,538758288E1
4,320983333E0	-5,660654590E0	-4,530186037E1
4,337666667E0	-4,562316250E0	-4,510841420E1
4,354350000E0	-3,527991465E0	-4,485509949E1
4,371033333E0	-2,546233787E0	-4,457852456E1
4,387716667E0	-1,614037875E0	-4,422038129E1
4,404400000E0	-6,984517989E-1	-4,379609054E1
4,421083333E0	2,363912026E-1	-4,326917757E1
4,437766667E0	1,056837353E0	-4,274682015E1
4,454450000E0	1,815048440E0	-4,216260123E1
4,471133333E0	2,490256370E0	-4,158407768E1
4,487816667E0	3,142114619E0	-4,097990449E1
4,504500000E0	3,701467933E0	-4,037713702E1
4,521183333E0	4,218114653E0	-3,977916788E1
4,537866667E0	4,667776405E0	-3,919865161E1
4,554550000E0	5,091871969E0	-3,862226725E1
4,571233333E0	5,408041917E0	-3,808247452E1
4,587916667E0	5,677839738E0	-3,757732231E1
4,604600000E0	5,940215831E0	-3,709986343E1
4,621283333E0	6,164140855E0	-3,667283563E1
4,637966667E0	6,341598875E0	-3,628671003E1
4,654650000E0	6,483313340E0	-3,595427338E1
4,671333333E0	6,613089476E0	-3,565534971E1
4,688016667E0	6,707231373E0	-3,540851540E1
4,704700000E0	6,782868867E0	-3,521874165E1
4,721383333E0	6,823262074E0	-3,504825065E1
4,738066667E0	6,853994226E0	-3,495438850E1
4,754750000E0	6,885026828E0	-3,491636021E1
4,771433333E0	6,882713130E0	-3,492692270E1
4,788116667E0	6,858010317E0	-3,499736676E1
4,804800000E0	6,822418844E0	-3,512015241E1
4,821483333E0	6,783953968E0	-3,529715110E1
4,838166667E0	6,701228860E0	-3,552864076E1
4,854850000E0	6,608090619E0	-3,580701771E1
4,871533333E0	6,454508538E0	-3,610280195E1
4,888216667E0	6,290298632E0	-3,647736061E1
4,904900000E0	6,083324538E0	-3,690129718E1
4,921583333E0	5,856659148E0	-3,734821888E1
4,938266667E0	5,576998639E0	-3,785475510E1
4,954950000E0	5,260117910E0	-3,837566605E1
4,971633333E0	4,894360122E0	-3,892508843E1
4,988316667E0	4,471820694E0	-3,949151865E1
5,005000000E0	3,997508885E0	-4,006713962E1
5,021683333E0	3,482782499E0	-4,066566134E1
5,038366667E0	2,873302364E0	-4,127190557E1
5,055050000E0	2,206340957E0	-4,184858065E1
5,071733333E0	1,502462633E0	-4,239619077E1
5,088416667E0	7,477236981E-1	-4,295339856E1
5,105100000E0	-7,717941503E-2	-4,345795809E1
5,121783333E0	-9,793910796E-1	-4,393092866E1
5,138466667E0	-1,942213724E0	-4,435077277E1
5,155150000E0	-2,915908228E0	-4,472980427E1
5,171833333E0	-3,948573274E0	-4,504310553E1
5,188516667E0	-5,025814295E0	-4,529621099E1
5,205200000E0	-6,096164227E0	-4,547660617E1
5,221883333E0	-7,189356947E0	-4,552421909E1
5,238566667E0	-8,298580040E0	-4,554822023E1
5,255250000E0	-9,379777283E0	-4,547829499E1
5,271933333E0	-1,039826643E1	-4,531558460E1
5,288616667E0	-1,147008736E1	-4,510070618E1
5,305300000E0	-1,243705959E1	-4,481768120E1
5,321983333E0	-1,336106798E1	-4,445461437E1
5,338666667E0	-1,421456595E1	-4,407628141E1
5,355350000E0	-1,506876500E1	-4,363861025E1
5,372033333E0	-1,592881431E1	-4,316200405E1
5,388716667E0	-1,670379351E1	-4,265217969E1
5,405400000E0	-1,741175853E1	-4,212128543E1
5,422083333E0	-1,805994833E1	-4,155692316E1
5,438766667E0	-1,860279507E1	-4,100169630E1
5,455450000E0	-1,913761091E1	-4,042455957E1
5,472133333E0	-1,959186619E1	-3,990039338E1
5,488816667E0	-2,000791806E1	-3,937602941E1
5,505500000E0	-2,032686896E1	-3,890983543E1
5,522183333E0	-2,064246728E1	-3,841968492E1
5,538866667E0	-2,094786487E1	-3,800563524E1
5,555550000E0	-2,117040857E1	-3,760981143E1
5,572233333E0	-2,134988732E1	-3,720268732E1
5,588916667E0	-2,153599829E1	-3,689079717E1
5,605600000E0	-2,164346403E1	-3,660937258E1
5,622283333E0	-2,176037337E1	-3,637796533E1
5,638966667E0	-2,184986397E1	-3,619224196E1
5,655650000E0	-2,190230108E1	-3,605696708E1
5,672333333E0	-2,194155418E1	-3,599595562E1
5,689016667E0	-2,196731529E1	-3,597667619E1
5,705700000E0	-2,196959642E1	-3,598817678E1
5,722383333E0	-2,195645329E1	-3,607559454E1
5,739066667E0	-2,187942425E1	-3,617943734E1
5,755750000E0	-2,184876342E1	-3,639048810E1
5,772433333E0	-2,173734106E1	-3,659929951E1
5,789116667E0	-2,163012629E1	-3,685735142E1
5,805800000E0	-2,147608881E1	-3,720412189E1
5,822483333E0	-2,128447185E1	-3,757856676E1
5,839166667E0	-2,105207736E1	-3,794040052E1
5,855850000E0	-2,081491694E1	-3,840910257E1
5,872533333E0	-2,049913759E1	-3,885827211E1
5,889216667E0	-2,018050028E1	-3,938012334E1
5,905900000E0	-1,977031172E1	-3,990067072E1
5,922583333E0	-1,931358570E1	-4,043098193E1
5,939266667E0	-1,879229862E1	-4,094627913E1
5,955950000E0	-1,824167388E1	-4,150873666E1
5,972633333E0	-1,759113637E1	-4,205374156E1
5,989316667E0	-1,693813666E1	-4,258582785E1
6,006000000E0	-1,620658486E1	-4,309963259E1
6,022683333E0	-1,540925142E1	-4,358716799E1
6,039366667E0	-1,453449361E1	-4,400798496E1
6,056050000E0	-1,364573829E1	-4,442196508E1
6,072733333E0	-1,273257208E1	-4,478292325E1
6,089416667E0	-1,176994480E1	-4,508839943E1
6,106100000E0	-1,074547257E1	-4,531237436E1
6,122783333E0	-9,710134102E0	-4,550490690E1
6,139466667E0	-8,691173883E0	-4,560481508E1
6,156150000E0	-7,634834096E0	-4,563225112E1
6,172833333E0	-6,585731728E0	-4,559461087E1
6,189516667E0	-5,546234897E0	-4,546956942E1
6,206200000E0	-4,549575276E0	-4,529044003E1
6,222883333E0	-3,566871423E0	-4,507337410E1
6,239566667E0	-2,660687798E0	-4,482326730E1
6,256250000E0	-1,773866591E0	-4,452160446E1
6,272933333E0	-9,214251532E-1	-4,411450793E1
6,289616667E0	-1,821689924E-2	-4,363418131E1
6,306300000E0	7,552913104E-1	-4,317643406E1
6,322983333E0	1,440728044E0	-4,266202254E1
6,339666667E0	2,115943706E0	-4,214521653E1
6,356350000E0	2,724606426E0	-4,160821151E1
6,373033333E0	3,285602501E0	-4,106951429E1
6,389716667E0	3,796177983E0	-4,054714802E1
6,406400000E0	4,228517955E0	-4,004050688E1
6,423083333E0	4,607234477E0	-3,953943171E1
6,439766667E0	4,972310574E0	-3,905278270E1
6,456450000E0	5,275920344E0	-3,860816016E1
6,473133333E0	5,511238766E0	-3,819725320E1
6,489816667E0	5,729606272E0	-3,781535840E1
6,506500000E0	5,903780704E0	-3,751400094E1
6,523183333E0	6,055631834E0	-3,721690130E1
6,539866667E0	6,172874362E0	-3,699522692E1
6,556550000E0	6,261783418E0	-3,680492484E1
6,573233333E0	6,341086987E0	-3,663710673E1
6,589916667E0	6,373092420E0	-3,652635377E1
6,606600000E0	6,407926433E0	-3,648136713E1
6,623283333E0	6,418385651E0	-3,647268723E1
6,639966667E0	6,382518526E0	-3,650418807E1
6,656650000E0	6,351044767E0	-3,660333273E1
6,673333333E0	6,263586359E0	-3,672689570E1
6,690016667E0	6,167181378E0	-3,692892854E1
6,706700000E0	6,065002545E0	-3,714645702E1
6,723383333E0	5,921060042E0	-3,744150434E1
6,740066667E0	5,709594070E0	-3,776223024E1
6,756750000E0	5,500733100E0	-3,815895698E1
6,773433333E0	5,240566462E0	-3,854212112E1
6,790116667E0	4,916904012E0	-3,897865348E1
6,806800000E0	4,603594394E0	-3,944645416E1
6,823483333E0	4,217986760E0	-3,992653132E1
6,840166667E0	3,790867603E0	-4,043291731E1
6,856850000E0	3,320700574E0	-4,094622213E1
6,873533333E0	2,749162060E0	-4,149235020E1
6,890216667E0	2,148695150E0	-4,198871103E1
6,906900000E0	1,507005967E0	-4,252020536E1
6,923583333E0	8,008814760E-1	-4,300283304E1
6,940266667E0	1,069204052E-1	-4,345461435E1
6,956950000E0	-7,425105644E-1	-4,392863641E1
6,973633333E0	-1,601110763E0	-4,434311724E1
6,990316667E0	-2,490344067E0	-4,470411927E1
7,007000000E0	-3,422481080E0	-4,501555291E1
7,023683333E0	-4,442360341E0	-4,528650682E1
7,040366667E0	-5,412019258E0	-4,549381870E1
7,057050000E0	-6,398415883E0	-4,560218390E1
7,073733333E0	-7,415893223E0	-4,570472754E1
7,090416667E0	-8,434155100E0	-4,570995097E1
7,107100000E0	-9,471915190E0	-4,564384157E1
7,123783333E0	-1,045533225E1	-4,554457711E1
7,140466667E0	-1,142088079E1	-4,534692550E1
7,157150000E0	-1,231213494E1	-4,502625391E1
7,173833333E0	-1,318627134E1	-4,469796586E1
7,190516667E0	-1,399159282E1	-4,434372147E1
7,207200000E0	-1,476098780E1	-4,396789879E1
7,223883333E0	-1,556018358E1	-4,353951648E1
7,240566667E0	-1,636818824E1	-4,321103567E1
7,257250000E0	-1,719619970E1	-4,291178319E1
7,273933333E0	-1,790599187E1	-4,248996269E1
7,290616667E0	-1,848553712E1	-4,205372556E1
7,307300000E0	-1,890944978E1	-4,150756401E1
7,323983333E0	-1,920049679E1	-4,095663719E1
7,340666667E0	-1,942993679E1	-4,043162841E1
7,357350000E0	-1,978708427E1	-4,000231621E1
7,374033333E0	-2,011014213E1	-3,962915713E1
7,390716667E0	-2,036598477E1	-3,926675452E1
7,407400000E0	-2,061664380E1	-3,893214705E1
7,424083333E0	-2,082027299E1	-3,862922923E1
7,440766667E0	-2,096558654E1	-3,834357641E1
7,457450000E0	-2,111247010E1	-3,812058951E1
7,474133333E0	-2,117965997E1	-3,794071040E1
7,490816667E0	-2,128546138E1	-3,781113176E1
7,507500000E0	-2,131323979E1	-3,771269955E1
7,524183333E0	-2,130428472E1	-3,763367975E1
7,540866667E0	-2,131036789E1	-3,762898687E1
7,557550000E0	-2,129084561E1	-3,771114988E1
7,574233333E0	-2,125054457E1	-3,781809571E1
7,590916667E0	-2,117676297E1	-3,799791061E1
7,607600000E0	-2,106438483E1	-3,812970874E1
7,624283333E0	-2,091679013E1	-3,835842931E1
7,640966667E0	-2,074917670E1	-3,861559794E1
7,657650000E0	-2,055553958E1	-3,893725928E1
7,674333333E0	-2,031201511E1	-3,926995543E1
7,691016667E0	-2,006481797E1	-3,970349092E1
7,707700000E0	-1,974201454E1	-4,011976004E1
7,724383333E0	-1,933963918E1	-4,051208175E1
7,741066667E0	-1,892181272E1	-4,094380052E1
7,757750000E0	-1,846454058E1	-4,143174347E1
7,774433333E0	-1,796930661E1	-4,187706872E1
7,791116667E0	-1,738032747E1	-4,236682465E1
7,807800000E0	-1,676965605E1	-4,282608971E1
7,824483333E0	-1,610606315E1	-4,328239761E1
7,841166667E0	-1,538905492E1	-4,366930235E1
7,857850000E0	-1,461844776E1	-4,408413486E1
7,874533333E0	-1,380913217E1	-4,450340400E1
7,891216667E0	-1,294545240E1	-4,483148406E1
7,907900000E0	-1,209008720E1	-4,511606618E1
7,924583333E0	-1,116942194E1	-4,533132000E1
7,941266667E0	-1,025493868E1	-4,549984918E1
7,957950000E0	-9,288648579E0	-4,568521544E1
7,974633333E0	-8,336583480E0	-4,575781584E1
7,991316667E0	-7,366809862E0	-4,575679436E1
8,008000000E0	-6,389160151E0	-4,570181033E1
8,024683333E0	-5,487520763E0	-4,560148374E1
8,041366667E0	-4,552451305E0	-4,545059345E1
8,058050000E0	-3,653997687E0	-4,524424721E1
8,074733333E0	-2,831844905E0	-4,503311529E1
8,091416667E0	-2,004663069E0	-4,481458207E1
8,108100000E0	-1,210863013E0	-4,444768435E1
8,124783333E0	-4,237566759E-1	-4,401840140E1
8,141466667E0	3,201946485E-1	-4,361192666E1
8,158150000E0	1,041916229E0	-4,324725997E1
8,174833333E0	1,668793037E0	-4,282702041E1
8,191516667E0	2,250691487E0	-4,239231995E1
8,208200000E0	2,833071138E0	-4,198987624E1
8,224883333E0	3,330180361E0	-4,155761418E1
8,241566667E0	3,733170584E0	-4,108637520E1
8,258250000E0	4,134380354E0	-4,069594665E1
8,274933333E0	4,445857392E0	-4,029729151E1
8,291616667E0	4,768561455E0	-3,993460193E1
8,308300000E0	5,013190399E0	-3,962076615E1
8,324983333E0	5,220257373E0	-3,934021251E1
8,341666667E0	5,402606404E0	-3,905378094E1
8,358350000E0	5,556858532E0	-3,882147057E1
8,375033333E0	5,665686180E0	-3,862250775E1
8,391716667E0	5,792112278E0	-3,847841581E1
8,408400000E0	5,846463361E0	-3,836521040E1
8,425083333E0	5,844890965E0	-3,829148939E1
8,441766667E0	5,846926524E0	-3,827563813E1
8,458450000E0	5,816646293E0	-3,831989854E1
8,475133333E0	5,789299007E0	-3,838057247E1
8,491816667E0	5,700841755E0	-3,848880544E1
8,508500000E0	5,604195849E0	-3,864163239E1
8,525183333E0	5,479941157E0	-3,883108234E1
8,541866667E0	5,327879133E0	-3,909936803E1
8,558550000E0	5,101685434E0	-3,936143013E1
8,575233333E0	4,867066754E0	-3,965725662E1
8,591916667E0	4,601846771E0	-3,999490451E1
8,608600000E0	4,323430667E0	-4,037106853E1
8,625283333E0	3,940300094E0	-4,074810675E1
8,641966667E0	3,550430029E0	-4,116471517E1
8,658650000E0	3,135528468E0	-4,158654234E1
8,675333333E0	2,639849282E0	-4,201539805E1
8,692016667E0	2,113334650E0	-4,245225392E1
8,708700000E0	1,523321567E0	-4,289297619E1
8,725383333E0	9,224648602E-1	-4,332862233E1
8,742066667E0	2,598753515E-1	-4,371290533E1
8,758750000E0	-4,733475064E-1	-4,410311979E1
8,775433333E0	-1,209362063E0	-4,446664022E1
8,792116667E0	-2,024832896E0	-4,479996061E1
8,808800000E0	-2,843633334E0	-4,510394672E1
8,825483333E0	-3,717039060E0	-4,536566292E1
8,842166667E0	-4,597065923E0	-4,551757801E1
8,858850000E0	-5,488044830E0	-4,576743426E1
8,875533333E0	-6,437690031E0	-4,584592745E1
8,892216667E0	-7,345585391E0	-4,598473988E1
8,908900000E0	-8,245075568E0	-4,594881182E1
8,925583333E0	-9,192656103E0	-4,587842947E1
8,942266667E0	-1,010943273E1	-4,578437376E1
8,958950000E0	-1,096172903E1	-4,557294999E1
8,975633333E0	-1,182645677E1	-4,532152911E1
8,992316667E0	-1,260076367E1	-4,498350546E1
9,009000000E0	-1,334589668E1	-4,457766820E1
9,025683333E0	-1,405521516E1	-4,429487745E1
9,042366667E0	-1,480441705E1	-4,393543384E1
9,059050000E0	-1,553467355E1	-4,356298940E1
9,075733333E0	-1,612162311E1	-4,318237345E1
9,092416667E0	-1,672851645E1	-4,279070185E1
9,109100000E0	-1,723130671E1	-4,237781944E1
9,125783333E0	-1,775488584E1	-4,198375076E1
9,142466667E0	-1,818982922E1	-4,162031939E1
9,159150000E0	-1,857759988E1	-4,123393219E1
9,175833333E0	-1,896379159E1	-4,087375721E1
9,192516667E0	-1,930324199E1	-4,056409038E1
9,209200000E0	-1,954298786E1	-4,022978251E1
9,225883333E0	-1,984188890E1	-3,999734766E1
9,242566667E0	-1,998331055E1	-3,971285599E1
9,259250000E0	-2,017966679E1	-3,952766570E1
9,275933333E0	-2,029834859E1	-3,932662106E1
9,292616667E0	-2,038764632E1	-3,917817353E1
9,309300000E0	-2,052153298E1	-3,908840046E1
9,325983333E0	-2,053839537E1	-3,901655602E1
9,342666667E0	-2,056823761E1	-3,903308751E1
9,359350000E0	-2,053967112E1	-3,901844351E1
9,376033333E0	-2,052528721E1	-3,909429860E1
9,392716667E0	-2,046362287E1	-3,923688774E1
9,409400000E0	-2,037602283E1	-3,935941708E1
9,426083333E0	-2,024597695E1	-3,954418170E1
9,442766667E0	-2,007831192E1	-3,975524637E1
9,459450000E0	-1,992519867E1	-4,003473576E1
9,476133333E0	-1,971591832E1	-4,032330947E1
9,492816667E0	-1,943169452E1	-4,064402917E1
9,509500000E0	-1,909840135E1	-4,097943785E1
9,526183333E0	-1,873250254E1	-4,135075876E1
9,542866667E0	-1,835110174E1	-4,168278517E1
9,559550000E0	-1,792095294E1	-4,212091527E1
9,576233333E0	-1,744551146E1	-4,251328260E1
9,592916667E0	-1,686811006E1	-4,291117273E1
9,609600000E0	-1,632031288E1	-4,330004860E1
9,626283333E0	-1,567140924E1	-4,366101719E1
9,642966667E0	-1,503252513E1	-4,405974423E1
9,659650000E0	-1,429941182E1	-4,440495942E1
9,676333333E0	-1,357885924E1	-4,472172572E1
9,693016667E0	-1,276353248E1	-4,501539003E1
9,709700000E0	-1,195741351E1	-4,527204673E1
9,726383333E0	-1,113745889E1	-4,542130914E1
9,743066667E0	-1,028612950E1	-4,564076093E1
9,759750000E0	-9,393118111E0	-4,577658607E1
9,776433333E0	-8,543656521E0	-4,585402476E1
9,793116667E0	-7,606340517E0	-4,586086662E1
9,809800000E0	-6,730066029E0	-4,585043196E1
9,826483333E0	-5,850791860E0	-4,577024993E1
9,843166667E0	-4,979231934E0	-4,567851929E1
9,859850000E0	-4,134973958E0	-4,549618308E1
9,876533333E0	-3,325152296E0	-4,531380430E1
9,893216667E0	-2,520865495E0	-4,519623909E1
9,909900000E0	-1,769218782E0	-4,497125801E1
9,926583333E0	-1,058232778E0	-4,458175945E1
9,943266667E0	-3,396794957E-1	-4,421632748E1
9,959950000E0	3,181409529E-1	-4,389582154E1
9,976633333E0	9,091264997E-1	-4,351906888E1
9,993316667E0	1,483862787E0	-4,310399120E1
1,001000000E1	2,009440071E0	-4,273534206E1
1,002668333E1	2,473568191E0	-4,233783985E1
1,004336667E1	2,905782984E0	-4,198062647E1
1,006005000E1	3,338936991E0	-4,158851087E1
1,007673333E1	3,683144966E0	-4,125568700E1
1,009341667E1	3,962780149E0	-4,092495107E1
1,011010000E1	4,231192203E0	-4,062453506E1
1,012678333E1	4,453088993E0	-4,032468442E1
1,014346667E1	4,659167275E0	-4,008036119E1
1,016015000E1	4,823156789E0	-3,986630070E1
1,017683333E1	4,947474319E0	-3,968017212E1
1,019351667E1	5,065867065E0	-3,955185454E1
1,021020000E1	5,129894259E0	-3,944639937E1
1,022688333E1	5,209188493E0	-3,941978697E1
1,024356667E1	5,213355458E0	-3,939604375E1
1,026025000E1	5,214331812E0	-3,942819189E1
1,027693333E1	5,155954380E0	-3,946080125E1
1,029361667E1	5,067219694E0	-3,955250640E1
1,031030000E1	4,993182092E0	-3,971347362E1
1,032698333E1	4,857602878E0	-3,988150778E1
1,034366667E1	4,656763761E0	-4,008670606E1
1,036035000E1	4,474466910E0	-4,031888014E1
1,037703333E1	4,234317911E0	-4,060202795E1
1,039371667E1	3,953298565E0	-4,092050093E1
1,041040000E1	3,658489637E0	-4,124439033E1
1,042708333E1	3,280107841E0	-4,158459854E1
1,044376667E1	2,935355983E0	-4,196264267E1
1,046045000E1	2,457263113E0	-4,234181950E1
1,047713333E1	1,973106707E0	-4,270112669E1
1,049381667E1	1,448674350E0	-4,309640161E1
1,051050000E1	9,203130162E-1	-4,347787001E1
1,052718333E1	3,308747257E-1	-4,381267818E1
1,054386667E1	-3,669031397E-1	-4,414911775E1
1,056055000E1	-1,059062971E0	-4,445883026E1
1,057723333E1	-1,788862311E0	-4,478349028E1
1,059391667E1	-2,525331013E0	-4,505658585E1
1,061060000E1	-3,318094109E0	-4,530664283E1
1,062728333E1	-4,103150172E0	-4,556173803E1
1,064396667E1	-4,969970643E0	-4,571057695E1
1,066065000E1	-5,825920222E0	-4,586108308E1
1,067733333E1	-6,695645530E0	-4,597000638E1
1,069401667E1	-7,567932792E0	-4,608416263E1
1,071070000E1	-8,422154857E0	-4,607776060E1
1,072738333E1	-9,300062448E0	-4,602840325E1
1,074406667E1	-1,011858315E1	-4,591465155E1
1,076075000E1	-1,095023765E1	-4,574866301E1
1,077743333E1	-1,168788598E1	-4,558079471E1
1,079411667E1	-1,191921097E1	-4,538245821E1
