0,000000000E0	-2,291651785E1	-2,935001789E1
1,668333333E-2	-2,290474395E1	-2,942492006E1
3,336666667E-2	-2,289760089E1	-2,952699672E1
5,005000000E-2	-2,287909320E1	-2,966003457E1
6,673333333E-2	-2,285458189E1	-2,984878926E1
8,341666667E-2	-2,286209810E1	-3,006659815E1
1,001000000E-1	-2,284606345E1	-3,034879631E1
1,167833333E-1	-2,278554667E1	-3,064376266E1
1,334666667E-1	-2,274664816E1	-3,100482208E1
1,501500000E-1	-2,267376807E1	-3,138691720E1
1,668333333E-1	-2,258904555E1	-3,182591194E1
1,835166667E-1	-2,250241051E1	-3,230906134E1
2,002000000E-1	-2,233406344E1	-3,280979394E1
2,168833333E-1	-2,218792001E1	-3,334805168E1
2,335666667E-1	-2,199353919E1	-3,396047975E1
2,502500000E-1	-2,175313198E1	-3,457189574E1
2,669333333E-1	-2,147691914E1	-3,519417120E1
2,836166667E-1	-2,119490594E1	-3,588554325E1
3,003000000E-1	-2,084016672E1	-3,658560431E1
3,169833333E-1	-2,042234618E1	-3,726349991E1
3,336666667E-1	-1,995985050E1	-3,797183512E1
3,503500000E-1	-1,942413484E1	-3,867779584E1
3,670333333E-1	-1,883493447E1	-3,935681152E1
3,837166667E-1	-1,816177852E1	-4,004083438E1
4,004000000E-1	-1,741686725E1	-4,071614351E1
4,170833333E-1	-1,662573394E1	-4,130946167E1
4,337666667E-1	-1,576345871E1	-4,190760902E1
4,504500000E-1	-1,486173986E1	-4,242163492E1
4,671333333E-1	-1,388434005E1	-4,290341827E1
4,838166667E-1	-1,288974610E1	-4,330082588E1
5,005000000E-1	-1,186149063E1	-4,363577026E1
5,171833333E-1	-1,073492838E1	-4,389796688E1
5,338666667E-1	-9,635759174E0	-4,411139079E1
5,505500000E-1	-8,540108298E0	-4,417844572E1
5,672333333E-1	-7,409207919E0	-4,423995497E1
5,839166667E-1	-6,281165099E0	-4,419409412E1
6,006000000E-1	-5,208766231E0	-4,407220891E1
6,172833333E-1	-4,147586103E0	-4,386179991E1
6,339666667E-1	-3,105722934E0	-4,359066683E1
6,506500000E-1	-2,120324489E0	-4,325231624E1
6,673333333E-1	-1,197672311E0	-4,287404224E1
6,840166667E-1	-2,427769801E-1	-4,236901643E1
7,007000000E-1	6,440154819E-1	-4,184302590E1
7,173833333E-1	1,437806876E0	-4,126115845E1
7,340666667E-1	2,241857814E0	-4,060694826E1
7,507500000E-1	2,958818434E0	-3,995920140E1
7,674333333E-1	3,559384471E0	-3,932038691E1
7,841166667E-1	4,102597983E0	-3,867983655E1
8,008000000E-1	4,620102930E0	-3,802819815E1
8,174833333E-1	5,083255016E0	-3,737594520E1
8,341666667E-1	5,478707050E0	-3,672065891E1
8,508500000E-1	5,837067906E0	-3,609601148E1
8,675333333E-1	6,150729915E0	-3,548771934E1
8,842166667E-1	6,385314133E0	-3,490489962E1
9,009000000E-1	6,580934109E0	-3,435528792E1
9,175833333E-1	6,762137244E0	-3,383271176E1
9,342666667E-1	6,915440204E0	-3,332324597E1
9,509500000E-1	7,046250568E0	-3,283552054E1
9,676333333E-1	7,153691423E0	-3,241077139E1
9,843166667E-1	7,233065502E0	-3,202985005E1
1,001000000E0	7,294875838E0	-3,168607850E1
1,017683333E0	7,322454632E0	-3,139829325E1
1,034366667E0	7,339249704E0	-3,114501399E1
1,051050000E0	7,379250392E0	-3,092252191E1
1,067733333E0	7,408665805E0	-3,073943986E1
1,084416667E0	7,422705938E0	-3,061495238E1
1,101100000E0	7,427682937E0	-3,051758236E1
1,117783333E0	7,420830546E0	-3,050343636E1
1,134466667E0	7,417581852E0	-3,049777775E1
1,151150000E0	7,411577616E0	-3,052423584E1
1,167833333E0	7,411077931E0	-3,062183993E1
1,184516667E0	7,404708090E0	-3,073781165E1
1,201200000E0	7,387346501E0	-3,092468540E1
1,217883333E0	7,343157537E0	-3,114044908E1
1,234566667E0	7,311606732E0	-3,142056592E1
1,251250000E0	7,250153966E0	-3,173462728E1
1,267933333E0	7,170975463E0	-3,206878769E1
1,284616667E0	7,074822053E0	-3,247682570E1
1,301300000E0	6,976718953E0	-3,291063965E1
1,317983333E0	6,855570390E0	-3,335384017E1
1,334666667E0	6,701088673E0	-3,384660948E1
1,351350000E0	6,498239806E0	-3,439770191E1
1,368033333E0	6,255649913E0	-3,496557724E1
1,384716667E0	5,981013158E0	-3,552900343E1
1,401400000E0	5,669955976E0	-3,615159192E1
1,418083333E0	5,322998279E0	-3,678442096E1
1,434766667E0	4,902037961E0	-3,743186272E1
1,451450000E0	4,455719265E0	-3,807860670E1
1,468133333E0	3,933383062E0	-3,872177344E1
1,484816667E0	3,358542833E0	-3,939619383E1
1,501500000E0	2,723385106E0	-4,003690712E1
1,518183333E0	2,024823735E0	-4,064507841E1
1,534866667E0	1,278337193E0	-4,125003219E1
1,551550000E0	4,752735126E-1	-4,180607226E1
1,568233333E0	-3,594345467E-1	-4,234232060E1
1,584916667E0	-1,312925633E0	-4,279615204E1
1,601600000E0	-2,234715282E0	-4,318796319E1
1,618283333E0	-3,213205068E0	-4,354028552E1
1,634966667E0	-4,232169424E0	-4,380359642E1
1,651650000E0	-5,292851183E0	-4,401432904E1
1,668333333E0	-6,369232728E0	-4,415104053E1
1,685016667E0	-7,443559093E0	-4,421251817E1
1,701700000E0	-8,508148817E0	-4,416781466E1
1,718383333E0	-9,574488649E0	-4,409099287E1
1,735066667E0	-1,064818363E1	-4,393530162E1
1,751750000E0	-1,164899229E1	-4,366434753E1
1,768433333E0	-1,260374782E1	-4,337667850E1
1,785116667E0	-1,350140334E1	-4,304899047E1
1,801800000E0	-1,436165902E1	-4,268745325E1
1,818483333E0	-1,523309078E1	-4,224398198E1
1,835166667E0	-1,605584174E1	-4,172477997E1
1,851850000E0	-1,685444266E1	-4,117795972E1
1,868533333E0	-1,755065910E1	-4,058513517E1
1,885216667E0	-1,819807437E1	-4,003076361E1
1,901900000E0	-1,880381915E1	-3,942297153E1
1,918583333E0	-1,936295358E1	-3,879984330E1
1,935266667E0	-1,982679032E1	-3,819127795E1
1,951950000E0	-2,025808111E1	-3,754503458E1
1,968633333E0	-2,065648521E1	-3,698488032E1
1,985316667E0	-2,098171478E1	-3,638878015E1
2,002000000E0	-2,131462007E1	-3,585035523E1
2,018683333E0	-2,153415547E1	-3,529413115E1
2,035366667E0	-2,175769403E1	-3,478071406E1
2,052050000E0	-2,198819966E1	-3,431590170E1
2,068733333E0	-2,210789956E1	-3,385090893E1
2,085416667E0	-2,222786022E1	-3,346734390E1
2,102100000E0	-2,234321220E1	-3,307846556E1
2,118783333E0	-2,245140804E1	-3,273573664E1
2,135466667E0	-2,252487103E1	-3,243001365E1
2,152150000E0	-2,260490544E1	-3,220168071E1
2,168833333E0	-2,262636031E1	-3,199395582E1
2,185516667E0	-2,262095628E1	-3,180984979E1
2,202200000E0	-2,264163975E1	-3,170205683E1
2,218883333E0	-2,265129836E1	-3,161269923E1
2,235566667E0	-2,266941173E1	-3,158735652E1
2,252250000E0	-2,263559281E1	-3,159871785E1
2,268933333E0	-2,263944290E1	-3,166229708E1
2,285616667E0	-2,261686887E1	-3,177999050E1
2,302300000E0	-2,259091086E1	-3,190447457E1
2,318983333E0	-2,256877467E1	-3,211222391E1
2,335666667E0	-2,250397835E1	-3,231885539E1
2,352350000E0	-2,247186145E1	-3,261100861E1
2,369033333E0	-2,235731985E1	-3,290220443E1
2,385716667E0	-2,223988877E1	-3,325107126E1
2,402400000E0	-2,212853164E1	-3,364192009E1
2,419083333E0	-2,196242460E1	-3,405099046E1
2,435766667E0	-2,184597445E1	-3,454491356E1
2,452450000E0	-2,164230391E1	-3,503597083E1
2,469133333E0	-2,140587600E1	-3,553788556E1
2,485816667E0	-2,111239052E1	-3,608525764E1
2,502500000E0	-2,078833599E1	-3,665736008E1
2,519183333E0	-2,043499188E1	-3,726347905E1
2,535866667E0	-2,000707670E1	-3,785553032E1
2,552550000E0	-1,957753446E1	-3,845023972E1
2,569233333E0	-1,905161758E1	-3,905944666E1
2,585916667E0	-1,849287736E1	-3,968201355E1
2,602600000E0	-1,786692265E1	-4,029124103E1
2,619283333E0	-1,720314688E1	-4,088851589E1
2,635966667E0	-1,647630242E1	-4,142149846E1
2,652650000E0	-1,570676714E1	-4,193757119E1
2,669333333E0	-1,487729116E1	-4,242464689E1
2,686016667E0	-1,397754877E1	-4,286678179E1
2,702700000E0	-1,308056218E1	-4,325998339E1
2,719383333E0	-1,212377960E1	-4,356972827E1
2,736066667E0	-1,116982265E1	-4,382334293E1
2,752750000E0	-1,015771684E1	-4,403801817E1
2,769433333E0	-9,159195561E0	-4,423365266E1
2,786116667E0	-8,102290209E0	-4,428110089E1
2,802800000E0	-7,093588176E0	-4,427484564E1
2,819483333E0	-6,049901205E0	-4,422444385E1
2,836166667E0	-5,037290449E0	-4,409827305E1
2,852850000E0	-4,100476971E0	-4,386122215E1
2,869533333E0	-3,110534833E0	-4,361579706E1
2,886216667E0	-2,245188275E0	-4,328900468E1
2,902900000E0	-1,374255561E0	-4,294593305E1
2,919583333E0	-5,430504874E-1	-4,249563989E1
2,936266667E0	3,211993690E-1	-4,201977336E1
2,952950000E0	1,082111580E0	-4,155195628E1
2,969633333E0	1,772850989E0	-4,103281827E1
2,986316667E0	2,446186331E0	-4,047494048E1
3,003000000E0	3,050773669E0	-3,988845577E1
3,019683333E0	3,609987132E0	-3,931348824E1
3,036366667E0	4,125179311E0	-3,873743421E1
3,053050000E0	4,552214226E0	-3,818729227E1
3,069733333E0	4,950958406E0	-3,760480366E1
3,086416667E0	5,294500922E0	-3,704789710E1
3,103100000E0	5,607545686E0	-3,652415992E1
3,119783333E0	5,882864376E0	-3,602756871E1
3,136466667E0	6,124096552E0	-3,553827370E1
3,153150000E0	6,331135349E0	-3,507575116E1
3,169833333E0	6,516739286E0	-3,464519550E1
3,186516667E0	6,642155327E0	-3,426194645E1
3,203200000E0	6,753033978E0	-3,392695455E1
3,219883333E0	6,857060534E0	-3,360047786E1
3,236566667E0	6,927333453E0	-3,332573094E1
3,253250000E0	6,993108906E0	-3,310096737E1
3,269933333E0	7,021211063E0	-3,290610804E1
3,286616667E0	7,062531069E0	-3,272967366E1
3,303300000E0	7,090073394E0	-3,259957959E1
3,319983333E0	7,095057179E0	-3,252341833E1
3,336666667E0	7,095301933E0	-3,248976693E1
3,353350000E0	7,076364995E0	-3,249975316E1
3,370033333E0	7,069771839E0	-3,255863043E1
3,386716667E0	7,061930489E0	-3,266911635E1
3,403400000E0	7,000398584E0	-3,280453930E1
3,420083333E0	6,964482733E0	-3,298911722E1
3,436766667E0	6,906553952E0	-3,320992705E1
3,453450000E0	6,815325980E0	-3,345291828E1
3,470133333E0	6,715105206E0	-3,374999559E1
3,486816667E0	6,613190318E0	-3,408111049E1
3,503500000E0	6,443840165E0	-3,446008042E1
3,520183333E0	6,308905130E0	-3,487694064E1
3,536866667E0	6,115584250E0	-3,531383098E1
3,553550000E0	5,881006102E0	-3,576248077E1
3,570233333E0	5,599609024E0	-3,626420333E1
3,586916667E0	5,282017448E0	-3,678251568E1
3,603600000E0	4,977699259E0	-3,732357894E1
3,620283333E0	4,575131353E0	-3,787265595E1
3,636966667E0	4,148107472E0	-3,843708701E1
3,653650000E0	3,649884407E0	-3,900514763E1
3,670333333E0	3,130666696E0	-3,958286747E1
3,687016667E0	2,553163549E0	-4,013511522E1
3,703700000E0	1,932917547E0	-4,070515594E1
3,720383333E0	1,245627634E0	-4,122982698E1
3,737066667E0	5,281803550E-1	-4,174806542E1
3,753750000E0	-2,248277819E-1	-4,222337265E1
3,770433333E0	-1,058452996E0	-4,263677799E1
3,787116667E0	-1,908267733E0	-4,303346134E1
3,803800000E0	-2,797071975E0	-4,337678694E1
3,820483333E0	-3,778501704E0	-4,365981463E1
3,837166667E0	-4,722508226E0	-4,389134436E1
3,853850000E0	-5,717878240E0	-4,408870846E1
3,870533333E0	-6,674653579E0	-4,416780651E1
3,887216667E0	-7,688230933E0	-4,420146458E1
3,903900000E0	-8,709522476E0	-4,414811201E1
3,920583333E0	-9,672769697E0	-4,408189099E1
3,937266667E0	-1,062471444E1	-4,392174621E1
3,953950000E0	-1,157077741E1	-4,372995896E1
3,970633333E0	-1,243930552E1	-4,346371608E1
3,987316667E0	-1,330048676E1	-4,318406158E1
4,004000000E0	-1,411233704E1	-4,287464732E1
4,020683333E0	-1,493405130E1	-4,246450330E1
4,037366667E0	-1,572258322E1	-4,203520887E1
4,054050000E0	-1,645162715E1	-4,152515704E1
4,070733333E0	-1,718471717E1	-4,104951568E1
4,087416667E0	-1,778620478E1	-4,053669572E1
4,104100000E0	-1,829366440E1	-4,006968493E1
4,120783333E0	-1,871128268E1	-3,962567356E1
4,137466667E0	-1,915085875E1	-3,912003885E1
4,154150000E0	-1,956908780E1	-3,861569275E1
4,170833333E0	-1,998658618E1	-3,815396318E1
4,187516667E0	-2,031611665E1	-3,768082873E1
4,204200000E0	-2,060903184E1	-3,722889967E1
4,220883333E0	-2,087960069E1	-3,676796335E1
4,237566667E0	-2,110940330E1	-3,637686988E1
4,254250000E0	-2,131457931E1	-3,598307042E1
4,270933333E0	-2,144043725E1	-3,562330521E1
4,287616667E0	-2,158292425E1	-3,528814587E1
4,304300000E0	-2,175144270E1	-3,503669559E1
4,320983333E0	-2,183249738E1	-3,479636883E1
4,337666667E0	-2,194631738E1	-3,457870425E1
4,354350000E0	-2,198641342E1	-3,440393281E1
4,371033333E0	-2,207085509E1	-3,426979973E1
4,387716667E0	-2,209208052E1	-3,416771146E1
4,404400000E0	-2,211860682E1	-3,412556336E1
4,421083333E0	-2,210349114E1	-3,409564833E1
4,437766667E0	-2,210546248E1	-3,412873008E1
4,454450000E0	-2,203018328E1	-3,417925984E1
4,471133333E0	-2,200221670E1	-3,427267712E1
4,487816667E0	-2,198972704E1	-3,441759281E1
4,504500000E0	-2,188711680E1	-3,458146779E1
4,521183333E0	-2,178993657E1	-3,478141329E1
4,537866667E0	-2,173026012E1	-3,506425376E1
4,554550000E0	-2,155702298E1	-3,529561998E1
4,571233333E0	-2,142988379E1	-3,563355216E1
4,587916667E0	-2,123588357E1	-3,597505739E1
4,604600000E0	-2,104900255E1	-3,636834421E1
4,621283333E0	-2,082243417E1	-3,678441413E1
4,637966667E0	-2,054654040E1	-3,718559458E1
4,654650000E0	-2,022550899E1	-3,763327610E1
4,671333333E0	-1,988172002E1	-3,808808357E1
4,688016667E0	-1,950472741E1	-3,854741283E1
4,704700000E0	-1,908889086E1	-3,907036616E1
4,721383333E0	-1,861176814E1	-3,956809791E1
4,738066667E0	-1,809975681E1	-4,005695679E1
4,754750000E0	-1,755763401E1	-4,054328863E1
4,771433333E0	-1,693498624E1	-4,105267486E1
4,788116667E0	-1,631985132E1	-4,152070810E1
4,804800000E0	-1,562935663E1	-4,194470178E1
4,821483333E0	-1,489240685E1	-4,234054521E1
4,838166667E0	-1,414630461E1	-4,275432245E1
4,854850000E0	-1,333097259E1	-4,311374796E1
4,871533333E0	-1,250217973E1	-4,339376325E1
4,888216667E0	-1,163639755E1	-4,364548186E1
4,904900000E0	-1,078076924E1	-4,388499832E1
4,921583333E0	-9,878588120E0	-4,404639404E1
4,938266667E0	-8,972894214E0	-4,418301728E1
4,954950000E0	-8,049746588E0	-4,421031830E1
4,971633333E0	-7,120527145E0	-4,421636019E1
4,988316667E0	-6,230833990E0	-4,412390657E1
5,005000000E0	-5,346392931E0	-4,402248289E1
5,021683333E0	-4,498680829E0	-4,386422264E1
5,038366667E0	-3,647865482E0	-4,363573131E1
5,055050000E0	-2,811971388E0	-4,336816910E1
5,071733333E0	-1,979252512E0	-4,310532853E1
5,088416667E0	-1,178167874E0	-4,275106699E1
5,105100000E0	-4,598705790E-1	-4,234500211E1
5,121783333E0	2,212469864E-1	-4,194433763E1
5,138466667E0	8,749968771E-1	-4,151646904E1
5,155150000E0	1,446644617E0	-4,106328433E1
5,171833333E0	2,023411431E0	-4,062000108E1
5,188516667E0	2,555587117E0	-4,015738775E1
5,205200000E0	3,021050403E0	-3,970733018E1
5,221883333E0	3,434719183E0	-3,926538158E1
5,238566667E0	3,829419111E0	-3,880525930E1
5,255250000E0	4,151627765E0	-3,837478820E1
5,271933333E0	4,503202544E0	-3,795317962E1
5,288616667E0	4,785047161E0	-3,757989472E1
5,305300000E0	5,001439420E0	-3,720849853E1
5,321983333E0	5,225777055E0	-3,687504927E1
5,338666667E0	5,395629302E0	-3,654900921E1
5,355350000E0	5,556686657E0	-3,625434912E1
5,372033333E0	5,731034319E0	-3,600559551E1
5,388716667E0	5,849520474E0	-3,577468910E1
5,405400000E0	5,932749609E0	-3,554409344E1
5,422083333E0	6,038206383E0	-3,540904960E1
5,438766667E0	6,079708068E0	-3,528095567E1
5,455450000E0	6,132188358E0	-3,519775989E1
5,472133333E0	6,147536337E0	-3,514069483E1
5,488816667E0	6,148636840E0	-3,509988643E1
5,505500000E0	6,131014077E0	-3,511444819E1
5,522183333E0	6,124732797E0	-3,519047269E1
5,538866667E0	6,069941803E0	-3,528897801E1
5,555550000E0	6,011044301E0	-3,541562624E1
5,572233333E0	5,940370360E0	-3,557682835E1
5,588916667E0	5,849597259E0	-3,580317077E1
5,605600000E0	5,697531403E0	-3,603728232E1
5,622283333E0	5,569727098E0	-3,630379152E1
5,638966667E0	5,382289186E0	-3,660392009E1
5,655650000E0	5,191084068E0	-3,694113703E1
5,672333333E0	4,964560879E0	-3,729683284E1
5,689016667E0	4,695045885E0	-3,767246128E1
5,705700000E0	4,409678526E0	-3,804463571E1
5,722383333E0	4,104271903E0	-3,846583510E1
5,739066667E0	3,750030938E0	-3,887670258E1
5,755750000E0	3,350179177E0	-3,930688040E1
5,772433333E0	2,929827426E0	-3,974549131E1
5,789116667E0	2,449024938E0	-4,017671426E1
5,805800000E0	1,950517328E0	-4,059949323E1
5,822483333E0	1,426688061E0	-4,103503018E1
5,839166667E0	8,411153850E-1	-4,146536498E1
5,855850000E0	2,397254356E-1	-4,187203257E1
5,872533333E0	-4,205413362E-1	-4,224394531E1
5,889216667E0	-1,104735477E0	-4,261385804E1
5,905900000E0	-1,831663813E0	-4,295560892E1
5,922583333E0	-2,572417637E0	-4,324884266E1
5,939266667E0	-3,355861627E0	-4,351438535E1
5,955950000E0	-4,175836291E0	-4,372560128E1
5,972633333E0	-5,019793669E0	-4,392029670E1
5,989316667E0	-5,838110500E0	-4,406888666E1
6,006000000E0	-6,710299416E0	-4,420217613E1
6,022683333E0	-7,564027304E0	-4,423057658E1
6,039366667E0	-8,413653679E0	-4,420748496E1
6,056050000E0	-9,257969109E0	-4,413692228E1
6,072733333E0	-1,010143466E1	-4,405034659E1
6,089416667E0	-1,089904202E1	-4,391682914E1
6,106100000E0	-1,166786040E1	-4,374310376E1
6,122783333E0	-1,244453504E1	-4,354789346E1
6,139466667E0	-1,318791296E1	-4,326874552E1
6,156150000E0	-1,373358869E1	-4,307572110E1
6,172833333E0	-1,435462205E1	-4,279840662E1
6,189516667E0	-1,488560308E1	-4,250146217E1
6,206200000E0	-1,542043740E1	-4,218058463E1
6,222883333E0	-1,593215206E1	-4,185119198E1
6,239566667E0	-1,638624038E1	-4,154275824E1
6,256250000E0	-1,681371750E1	-4,118551244E1
6,272933333E0	-1,722570576E1	-4,087222699E1
6,289616667E0	-1,760677233E1	-4,056266132E1
6,306300000E0	-1,796749709E1	-4,019609615E1
6,322983333E0	-1,827529520E1	-3,991820971E1
6,339666667E0	-1,854051108E1	-3,959058591E1
6,356350000E0	-1,879786230E1	-3,934613240E1
6,373033333E0	-1,901589322E1	-3,908407727E1
6,389716667E0	-1,925387605E1	-3,884257544E1
6,406400000E0	-1,937670652E1	-3,859909276E1
6,423083333E0	-1,953128000E1	-3,849824130E1
6,439766667E0	-1,964167919E1	-3,839768705E1
6,456450000E0	-1,970863571E1	-3,829397605E1
6,473133333E0	-1,978059148E1	-3,820755317E1
6,489816667E0	-1,980928431E1	-3,814939677E1
6,506500000E0	-1,984078871E1	-3,818153483E1
6,523183333E0	-1,980259947E1	-3,812033573E1
6,539866667E0	-1,979721282E1	-3,818124447E1
6,556550000E0	-1,977526520E1	-3,825717026E1
6,573233333E0	-1,970152702E1	-3,835550886E1
6,589916667E0	-1,958582438E1	-3,847477509E1
6,606600000E0	-1,946876838E1	-3,858926665E1
6,623283333E0	-1,934809035E1	-3,878669119E1
6,639966667E0	-1,917749969E1	-3,896112664E1
6,656650000E0	-1,896868853E1	-3,918029721E1
6,673333333E0	-1,878059319E1	-3,946178183E1
6,690016667E0	-1,850182721E1	-3,967112259E1
6,706700000E0	-1,825809273E1	-3,996002308E1
6,723383333E0	-1,795401389E1	-4,025645216E1
6,740066667E0	-1,763284445E1	-4,055080267E1
6,756750000E0	-1,722855054E1	-4,082881598E1
6,773433333E0	-1,686114294E1	-4,116682877E1
6,790116667E0	-1,644820902E1	-4,147387675E1
6,806800000E0	-1,601191674E1	-4,180202484E1
6,823483333E0	-1,550530674E1	-4,207143592E1
6,840166667E0	-1,498491846E1	-4,235335785E1
6,856850000E0	-1,444168446E1	-4,263397383E1
6,873533333E0	-1,384838908E1	-4,290847037E1
6,890216667E0	-1,328342016E1	-4,315270546E1
6,906900000E0	-1,266887029E1	-4,337160573E1
6,923583333E0	-1,201908120E1	-4,362559259E1
6,940266667E0	-1,134697472E1	-4,374447405E1
6,956950000E0	-1,068290548E1	-4,394199553E1
6,973633333E0	-9,984195018E0	-4,404819137E1
6,990316667E0	-9,281265365E0	-4,414250888E1
7,007000000E0	-8,552570819E0	-4,422208326E1
7,023683333E0	-7,849969726E0	-4,424134190E1
7,040366667E0	-7,112336350E0	-4,420957187E1
7,057050000E0	-6,387221867E0	-4,415581025E1
7,073733333E0	-5,691224715E0	-4,410570720E1
7,090416667E0	-4,999040166E0	-4,398076808E1
7,107100000E0	-4,328134923E0	-4,384922634E1
7,123783333E0	-3,692800222E0	-4,366578057E1
7,140466667E0	-3,033260389E0	-4,347895509E1
7,157150000E0	-2,404787759E0	-4,325850366E1
7,173833333E0	-1,802039095E0	-4,304193292E1
7,190516667E0	-1,257964155E0	-4,277616604E1
7,207200000E0	-6,916841494E-1	-4,256074499E1
7,223883333E0	-2,424316211E-1	-4,226521575E1
7,240566667E0	1,642911661E-1	-4,201040728E1
7,257250000E0	6,046012421E-1	-4,177434972E1
7,273933333E0	1,033084133E0	-4,147981795E1
7,290616667E0	1,424755181E0	-4,119529075E1
7,307300000E0	1,790184109E0	-4,089757968E1
7,323983333E0	2,123530232E0	-4,063291437E1
7,340666667E0	2,433697921E0	-4,037974335E1
7,357350000E0	2,709758849E0	-4,013043638E1
7,374033333E0	2,943180364E0	-3,989109256E1
7,390716667E0	3,155068979E0	-3,966669181E1
7,407400000E0	3,345412895E0	-3,945272487E1
7,424083333E0	3,519208633E0	-3,928950574E1
7,440766667E0	3,641847406E0	-3,913591612E1
7,457450000E0	3,764233271E0	-3,899482624E1
7,474133333E0	3,843237171E0	-3,888641034E1
7,490816667E0	3,920397595E0	-3,879193853E1
7,507500000E0	3,986051390E0	-3,875599846E1
7,524183333E0	4,014852926E0	-3,869192110E1
7,540866667E0	4,015891438E0	-3,868987453E1
7,557550000E0	4,008583920E0	-3,872225073E1
7,574233333E0	3,977895783E0	-3,876979120E1
7,590916667E0	3,906609142E0	-3,883104987E1
7,607600000E0	3,823954190E0	-3,891518822E1
7,624283333E0	3,712404511E0	-3,902215621E1
7,640966667E0	3,599255724E0	-3,918647721E1
7,657650000E0	3,431008708E0	-3,935513557E1
7,674333333E0	3,237134121E0	-3,953560160E1
7,691016667E0	3,035618639E0	-3,974520556E1
7,707700000E0	2,811128452E0	-3,997231538E1
7,724383333E0	2,523752049E0	-4,020547081E1
7,741066667E0	2,242724527E0	-4,047246424E1
7,757750000E0	1,935325506E0	-4,073651879E1
7,774433333E0	1,601344877E0	-4,101548261E1
7,791116667E0	1,217134939E0	-4,128080088E1
7,807800000E0	8,068844809E-1	-4,157958990E1
7,824483333E0	3,563560703E-1	-4,183743027E1
7,841166667E0	-7,283171416E-2	-4,212297936E1
7,857850000E0	-6,256881831E-1	-4,237445426E1
7,874533333E0	-1,164831459E0	-4,262959751E1
7,891216667E0	-1,691051701E0	-4,289066738E1
7,907900000E0	-2,272760519E0	-4,310898725E1
7,924583333E0	-2,844929075E0	-4,335900055E1
7,941266667E0	-3,500308701E0	-4,352242628E1
7,957950000E0	-4,137715584E0	-4,368851646E1
7,974633333E0	-4,800898998E0	-4,379887730E1
7,991316667E0	-5,458940778E0	-4,392581145E1
8,008000000E0	-6,126880764E0	-4,400045945E1
8,024683333E0	-6,795910073E0	-4,406453473E1
8,041366667E0	-7,503914682E0	-4,408085051E1
8,058050000E0	-8,181148778E0	-4,408697486E1
8,074733333E0	-8,851791775E0	-4,406689363E1
8,091416667E0	-9,498053992E0	-4,397505522E1
8,108100000E0	-1,011090612E1	-4,392862845E1
8,124783333E0	-1,077875699E1	-4,381149946E1
8,141466667E0	-1,134243877E1	-4,368948353E1
8,158150000E0	-1,194462052E1	-4,355100287E1
8,174833333E0	-1,248070588E1	-4,340430307E1
8,191516667E0	-1,301339878E1	-4,323619309E1
8,208200000E0	-1,361375021E1	-4,300304657E1
8,224883333E0	-1,416039745E1	-4,277137864E1
8,241566667E0	-1,463977769E1	-4,256427862E1
8,258250000E0	-1,512431182E1	-4,228433784E1
8,274933333E0	-1,553162524E1	-4,203899894E1
8,291616667E0	-1,592867577E1	-4,177854807E1
8,308300000E0	-1,627361020E1	-4,155763581E1
8,324983333E0	-1,660376600E1	-4,128471226E1
8,341666667E0	-1,690279482E1	-4,105349946E1
8,358350000E0	-1,719426927E1	-4,083681256E1
8,375033333E0	-1,745189526E1	-4,062463617E1
8,391716667E0	-1,768432057E1	-4,045446151E1
8,408400000E0	-1,785599334E1	-4,026690309E1
8,425083333E0	-1,802337667E1	-4,008851382E1
8,441766667E0	-1,819288155E1	-3,994182406E1
8,458450000E0	-1,830085064E1	-3,981331209E1
8,475133333E0	-1,839704171E1	-3,967897272E1
8,491816667E0	-1,848659067E1	-3,959376830E1
8,508500000E0	-1,855551060E1	-3,956420457E1
8,525183333E0	-1,859604661E1	-3,953731643E1
8,541866667E0	-1,859454270E1	-3,949674433E1
8,558550000E0	-1,858355708E1	-3,950650856E1
8,575233333E0	-1,857904873E1	-3,956857416E1
8,591916667E0	-1,849295029E1	-3,958907390E1
8,608600000E0	-1,841029526E1	-3,966037185E1
8,625283333E0	-1,829622117E1	-3,977873541E1
8,641966667E0	-1,816336824E1	-3,988639997E1
8,658650000E0	-1,804549015E1	-4,003921604E1
8,675333333E0	-1,784558780E1	-4,018073039E1
8,692016667E0	-1,764495135E1	-4,036585974E1
8,708700000E0	-1,742302750E1	-4,055506188E1
8,725383333E0	-1,715976564E1	-4,078851042E1
8,742066667E0	-1,689302883E1	-4,096820831E1
8,758750000E0	-1,657162659E1	-4,119699324E1
8,775433333E0	-1,625632931E1	-4,142364901E1
8,792116667E0	-1,587994425E1	-4,163885964E1
8,808800000E0	-1,548512586E1	-4,191831238E1
8,825483333E0	-1,506751227E1	-4,215407805E1
8,842166667E0	-1,463642847E1	-4,239989382E1
8,858850000E0	-1,416784104E1	-4,260922573E1
8,875533333E0	-1,364175919E1	-4,281262478E1
8,892216667E0	-1,313958771E1	-4,303506096E1
8,908900000E0	-1,259422958E1	-4,322997823E1
8,925583333E0	-1,204426160E1	-4,343801270E1
8,942266667E0	-1,146212608E1	-4,358593937E1
8,958950000E0	-1,087103547E1	-4,373354235E1
8,975633333E0	-1,028178760E1	-4,386065957E1
8,992316667E0	-9,676342884E0	-4,396466188E1
9,009000000E0	-9,049607916E0	-4,403824240E1
9,025683333E0	-8,422293258E0	-4,410564215E1
9,042366667E0	-7,771575217E0	-4,412723836E1
9,059050000E0	-7,187645103E0	-4,411079355E1
9,075733333E0	-6,561764785E0	-4,407939649E1
9,092416667E0	-5,937528471E0	-4,402973953E1
9,109100000E0	-5,352177817E0	-4,393828114E1
9,125783333E0	-4,755217730E0	-4,385417947E1
9,142466667E0	-4,188715086E0	-4,374630728E1
9,159150000E0	-3,694417706E0	-4,359621705E1
9,175833333E0	-3,183807117E0	-4,347675046E1
9,192516667E0	-2,652455061E0	-4,328202375E1
9,209200000E0	-2,104642179E0	-4,312512305E1
9,225883333E0	-1,581397249E0	-4,291976082E1
9,242566667E0	-1,075729650E0	-4,267681988E1
9,259250000E0	-6,193604233E-1	-4,244653382E1
9,275933333E0	-1,829332194E-1	-4,222256110E1
9,292616667E0	1,930402013E-1	-4,200970365E1
9,309300000E0	5,629350028E-1	-4,176595817E1
9,325983333E0	9,111634621E-1	-4,156788627E1
9,342666667E0	1,232452485E0	-4,134789323E1
9,359350000E0	1,504572801E0	-4,114624967E1
9,376033333E0	1,756004960E0	-4,093886822E1
9,392716667E0	1,989082633E0	-4,072860511E1
9,409400000E0	2,197028138E0	-4,059108996E1
9,426083333E0	2,377493483E0	-4,040613421E1
9,442766667E0	2,540164216E0	-4,027770710E1
9,459450000E0	2,660399697E0	-4,015262214E1
9,476133333E0	2,766671851E0	-4,006288481E1
9,492816667E0	2,835303659E0	-3,997355860E1
9,509500000E0	2,917693400E0	-3,994054227E1
9,526183333E0	2,950830759E0	-3,991316450E1
9,542866667E0	2,943650837E0	-3,989033994E1
9,559550000E0	2,929928294E0	-3,989958998E1
9,576233333E0	2,927969921E0	-3,994214656E1
9,592916667E0	2,857520765E0	-3,996879939E1
9,609600000E0	2,812526104E0	-4,006429978E1
9,626283333E0	2,730113650E0	-4,015195390E1
9,642966667E0	2,598714803E0	-4,027324932E1
9,659650000E0	2,447441087E0	-4,039157163E1
9,676333333E0	2,279361629E0	-4,051125121E1
9,693016667E0	2,102229585E0	-4,070499868E1
9,709700000E0	1,862601856E0	-4,086403077E1
9,726383333E0	1,636758086E0	-4,104351537E1
9,743066667E0	1,359024393E0	-4,124396696E1
9,759750000E0	1,066984606E0	-4,145977133E1
9,776433333E0	7,498722389E-1	-4,167771424E1
9,793116667E0	4,088616588E-1	-4,189717141E1
9,809800000E0	5,758924269E-2	-4,212654499E1
9,826483333E0	-3,492124715E-1	-4,233018264E1
9,843166667E0	-7,752506722E-1	-4,256343731E1
9,859850000E0	-1,200114772E0	-4,276099772E1
9,876533333E0	-1,674492486E0	-4,300493265E1
9,893216667E0	-2,173620788E0	-4,316486248E1
9,909900000E0	-2,672009743E0	-4,336538109E1
9,926583333E0	-3,208253363E0	-4,352890293E1
9,943266667E0	-3,764958189E0	-4,364592727E1
9,959950000E0	-4,316604750E0	-4,380365115E1
9,976633333E0	-4,912038579E0	-4,389110485E1
9,993316667E0	-5,483403111E0	-4,400941818E1
1,001000000E1	-6,072720377E0	-4,407473023E1
1,002668333E1	-6,654837399E0	-4,412707210E1
1,004336667E1	-7,243975445E0	-4,417414614E1
1,006005000E1	-7,846421472E0	-4,419407318E1
1,007673333E1	-8,440166149E0	-4,419569423E1
1,009341667E1	-9,031227822E0	-4,417376108E1
1,011010000E1	-9,627736359E0	-4,408210994E1
1,012678333E1	-1,019047445E1	-4,400412792E1
1,014346667E1	-1,073552270E1	-4,390533286E1
1,016015000E1	-1,124511546E1	-4,377108195E1
1,017683333E1	-1,172923503E1	-4,365226218E1
1,019351667E1	-1,219504948E1	-4,355602297E1
1,021020000E1	-1,267444862E1	-4,339316216E1
1,022688333E1	-1,318069563E1	-4,319688569E1
1,024356667E1	-1,363769881E1	-4,302359898E1
1,026025000E1	-1,408399903E1	-4,280863039E1
1,027693333E1	-1,448811728E1	-4,261010365E1
1,029361667E1	-1,487594906E1	-4,241589293E1
1,031030000E1	-1,523488124E1	-4,221456188E1
1,032698333E1	-1,558783627E1	-4,202887300E1
1,034366667E1	-1,591565965E1	-4,182885959E1
1,036035000E1	-1,620914637E1	-4,163174526E1
1,037703333E1	-1,646421424E1	-4,145125139E1
1,039371667E1	-1,669767268E1	-4,127055685E1
1,041040000E1	-1,691558270E1	-4,112782860E1
1,042708333E1	-1,710242876E1	-4,098604404E1
1,044376667E1	-1,724060922E1	-4,084492665E1
1,046045000E1	-1,737948302E1	-4,076243031E1
1,047713333E1	-1,751491278E1	-4,066780137E1
1,049381667E1	-1,759875749E1	-4,059248010E1
1,051050000E1	-1,766130048E1	-4,052243420E1
1,052718333E1	-1,770962863E1	-4,048998956E1
1,054386667E1	-1,773615849E1	-4,047045648E1
1,056055000E1	-1,773995200E1	-4,047257722E1
1,057723333E1	-1,770865494E1	-4,050892079E1
1,059391667E1	-1,765111547E1	-4,050529864E1
1,061060000E1	-1,759279952E1	-4,059211441E1
1,062728333E1	-1,751395461E1	-4,066890669E1
1,064396667E1	-1,741282439E1	-4,074933076E1
1,066065000E1	-1,726094425E1	-4,087054971E1
1,067733333E1	-1,710055156E1	-4,097896387E1
1,069401667E1	-1,689793431E1	-4,109710801E1
1,071070000E1	-1,668737938E1	-4,126288703E1
1,072738333E1	-1,646368533E1	-4,144069182E1
1,074406667E1	-1,616787756E1	-4,158548206E1
1,076075000E1	-1,592035215E1	-4,176374480E1
1,077743333E1	-1,561297595E1	-4,195061495E1
1,079411667E1	-1,528156950E1	-4,214738790E1
1,081080000E1	-1,494850191E1	-4,239882632E1
1,082748333E1	-1,456659025E1	-4,252553867E1
1,084416667E1	-1,414842208E1	-4,273013645E1
1,086085000E1	-1,372159914E1	-4,291730782E1
1,087753333E1	-1,329162100E1	-4,309523297E1
1,089421667E1	-1,279786166E1	-4,325965595E1
1,091090000E1	-1,230976918E1	-4,342604732E1
1,092758333E1	-1,182416057E1	-4,357201331E1
1,094426667E1	-1,131013090E1	-4,368810928E1
1,096095000E1	-1,076699487E1	-4,379985930E1
1,097763333E1	-1,022283049E1	-4,391559787E1
1,099431667E1	-9,676625639E0	-4,399480038E1
1,101100000E1	-9,115124077E0	-4,405190380E1
1,102768333E1	-8,552176205E0	-4,411832489E1
1,104436667E1	-8,000333066E0	-4,411639362E1
1,106105000E1	-7,420429356E0	-4,412787404E1
1,107773333E1	-6,865122392E0	-4,409884790E1
1,109441667E1	-6,288306594E0	-4,404310498E1
1,111110000E1	-5,745689946E0	-4,399507405E1
1,112778333E1	-5,234810697E0	-4,388918203E1
1,114446667E1	-4,724973506E0	-4,378955096E1
1,116115000E1	-4,251330767E0	-4,368745285E1
1,117783333E1	-3,744592528E0	-4,358706832E1
1,119451667E1	-3,293097514E0	-4,345136246E1
1,121120000E1	-2,825395459E0	-4,329540817E1
1,122788333E1	-2,336078349E0	-4,314897323E1
1,124456667E1	-1,915677538E0	-4,296764195E1
1,126125000E1	-1,473961389E0	-4,280364927E1
1,127793333E1	-1,082293277E0	-4,260134775E1
1,129461667E1	-6,989043644E-1	-4,245382862E1
1,131130000E1	-3,600549946E-1	-4,225593898E1
1,132798333E1	1,495684032E-2	-4,208665398E1
1,134466667E1	3,168807579E-1	-4,190865191E1
1,136135000E1	6,031204067E-1	-4,172244824E1
1,137803333E1	8,581561374E-1	-4,156193706E1
1,139471667E1	1,055571719E0	-4,140792967E1
1,141140000E1	1,265324130E0	-4,126460416E1
1,142808333E1	1,448119931E0	-4,114190440E1
1,144476667E1	1,621044859E0	-4,102445000E1
1,146145000E1	1,751415861E0	-4,092750764E1
1,147813333E1	1,855373753E0	-4,082703746E1
1,149481667E1	1,937874974E0	-4,074077651E1
1,151150000E1	2,024712680E0	-4,070659343E1
1,152818333E1	2,045573126E0	-4,064912025E1
1,154486667E1	2,065451204E0	-4,062118206E1
1,156155000E1	2,054917991E0	-4,061674493E1
1,157823333E1	2,034828136E0	-4,062580991E1
1,159491667E1	2,028319915E0	-4,067967346E1
1,161160000E1	1,939165795E0	-4,072930926E1
1,162828333E1	1,855830658E0	-4,081008589E1
1,164496667E1	1,746326323E0	-4,090547198E1
1,166165000E1	1,623596252E0	-4,101602825E1
1,167833333E1	1,448089123E0	-4,113959307E1
1,169501667E1	1,256640201E0	-4,126437554E1
1,171170000E1	1,049658163E0	-4,138968436E1
1,172838333E1	8,363823682E-1	-4,157304772E1
1,174506667E1	5,743116526E-1	-4,171222939E1
1,176175000E1	3,186156318E-1	-4,190808794E1
1,177843333E1	2,319837063E-2	-4,207707007E1
1,179511667E1	-2,991156183E-1	-4,225534219E1
1,181180000E1	-6,606856364E-1	-4,244598585E1
1,182848333E1	-1,044393775E0	-4,260947907E1
1,184516667E1	-1,419658444E0	-4,280734858E1
1,186185000E1	-1,856306388E0	-4,293839781E1
1,187853333E1	-2,283757422E0	-4,314018554E1
1,189521667E1	-2,733731399E0	-4,330073002E1
1,191190000E1	-3,208474407E0	-4,344255189E1
1,192858333E1	-3,683737911E0	-4,357941020E1
1,194526667E1	-4,209479886E0	-4,368052272E1
1,196195000E1	-4,726606484E0	-4,378374795E1
1,197863333E1	-5,246668136E0	-4,388043177E1
1,199531667E1	-5,769561171E0	-4,394504434E1
1,201200000E1	-6,308200898E0	-4,401846450E1
1,202868333E1	-6,825377551E0	-4,407556775E1
1,204536667E1	-7,391039096E0	-4,407112473E1
1,206205000E1	-7,923018347E0	-4,408156222E1
1,207873333E1	-8,461711162E0	-4,404403361E1
1,209541667E1	-8,967707348E0	-4,401822574E1
1,211210000E1	-9,485626889E0	-4,397881726E1
1,212878333E1	-9,995574847E0	-4,390003101E1
1,214546667E1	-1,049777766E1	-4,381956000E1
1,216215000E1	-1,094140275E1	-4,373664608E1
1,217883333E1	-1,140396208E1	-4,363992726E1
1,219551667E1	-1,184603684E1	-4,351852282E1
1,221220000E1	-1,230538776E1	-4,336632336E1
1,222888333E1	-1,274686053E1	-4,325020375E1
1,224556667E1	-1,318312560E1	-4,307362699E1
1,226225000E1	-1,358042747E1	-4,290193574E1
1,227893333E1	-1,397672894E1	-4,275172674E1
1,229561667E1	-1,434581280E1	-4,259546766E1
1,231230000E1	-1,466890715E1	-4,241414743E1
1,232898333E1	-1,498431458E1	-4,223017240E1
1,234566667E1	-1,526238005E1	-4,210772487E1
1,236235000E1	-1,549536622E1	-4,195645156E1
1,237903333E1	-1,571768006E1	-4,182189411E1
1,239571667E1	-1,587310606E1	-4,170469059E1
1,241240000E1	-1,602823364E1	-4,160587620E1
1,242908333E1	-1,616785056E1	-4,153851412E1
1,244576667E1	-1,626258614E1	-4,144836932E1
1,246245000E1	-1,635718445E1	-4,136642524E1
1,247913333E1	-1,644827872E1	-4,133655962E1
1,249581667E1	-1,648598389E1	-4,126629471E1
1,251250000E1	-1,648814323E1	-4,123421400E1
1,252918333E1	-1,649128789E1	-4,121805447E1
1,254586667E1	-1,648660935E1	-4,123481890E1
1,256255000E1	-1,645925876E1	-4,125350684E1
1,257923333E1	-1,638711611E1	-4,126096895E1
1,259591667E1	-1,630492500E1	-4,132386329E1
1,261260000E1	-1,617126922E1	-4,138643696E1
1,262928333E1	-1,605223563E1	-4,144054741E1
1,264596667E1	-1,593023148E1	-4,154020837E1
1,266265000E1	-1,575311098E1	-4,162908319E1
1,267933333E1	-1,555556261E1	-4,174207210E1
1,269601667E1	-1,533652796E1	-4,183301398E1
1,271270000E1	-1,510910487E1	-4,199592439E1
1,272938333E1	-1,486158429E1	-4,213307203E1
1,274606667E1	-1,458203605E1	-4,226912302E1
1,276275000E1	-1,428537877E1	-4,239304508E1
1,277943333E1	-1,397824942E1	-4,254545866E1
1,279611667E1	-1,363372134E1	-4,271656831E1
1,281280000E1	-1,328840768E1	-4,285810594E1
1,282948333E1	-1,291575225E1	-4,299876697E1
1,284616667E1	-1,252264183E1	-4,314395709E1
1,286285000E1	-1,211034303E1	-4,324815218E1
1,287953333E1	-1,167451606E1	-4,341971214E1
1,289621667E1	-1,124198977E1	-4,350887433E1
1,291290000E1	-1,081133236E1	-4,360855816E1
1,292958333E1	-1,033376350E1	-4,370534776E1
1,294626667E1	-9,876008940E0	-4,376704742E1
1,296295000E1	-9,375273804E0	-4,384065019E1
1,297963333E1	-8,924867839E0	-4,390623226E1
1,299631667E1	-8,436886850E0	-4,393139517E1
1,301300000E1	-7,940602210E0	-4,396065189E1
1,302968333E1	-7,460953126E0	-4,399837841E1
1,304636667E1	-6,993662062E0	-4,398171245E1
1,306305000E1	-6,481753973E0	-4,395438699E1
1,307973333E1	-5,994522859E0	-4,391846129E1
1,309641667E1	-5,543540653E0	-4,389729247E1
1,311310000E1	-5,111322074E0	-4,380010712E1
1,312978333E1	-4,674633070E0	-4,375993994E1
1,314646667E1	-4,264474331E0	-4,367175019E1
1,316315000E1	-3,890887644E0	-4,353185311E1
1,317983333E1	-3,474954924E0	-4,346993297E1
1,319651667E1	-3,086511419E0	-4,335489534E1
1,321320000E1	-2,684953413E0	-4,325999291E1
1,322988333E1	-2,287114831E0	-4,313282291E1
1,324656667E1	-1,910367671E0	-4,297543875E1
1,326325000E1	-1,576837328E0	-4,281706026E1
1,327993333E1	-1,245437292E0	-4,267639705E1
1,329661667E1	-9,783343324E-1	-4,251721147E1
1,331330000E1	-6,961328635E-1	-4,238919195E1
1,332998333E1	-4,536462856E-1	-4,225162919E1
1,334666667E1	-2,255603014E-1	-4,212973233E1
1,336335000E1	-4,006491903E-2	-4,202436859E1
1,338003333E1	1,334594001E-1	-4,192701032E1
1,339671667E1	2,598036298E-1	-4,181297740E1
1,341340000E1	3,698884940E-1	-4,172064907E1
1,343008333E1	4,951453789E-1	-4,169709681E1
1,344676667E1	5,710302375E-1	-4,160433191E1
1,346345000E1	6,432769020E-1	-4,158575284E1
1,348013333E1	7,206237850E-1	-4,156854952E1
1,349681667E1	7,421056534E-1	-4,154978382E1
1,351350000E1	7,354427588E-1	-4,152402463E1
1,353018333E1	7,477325377E-1	-4,155255513E1
1,354686667E1	7,288356818E-1	-4,157732792E1
1,356355000E1	6,628601186E-1	-4,159445942E1
1,358023333E1	5,729652375E-1	-4,160972572E1
1,359691667E1	4,871978196E-1	-4,169920370E1
1,361360000E1	3,465619350E-1	-4,175651263E1
1,363028333E1	2,338862632E-1	-4,182329194E1
1,364696667E1	1,126662058E-1	-4,193032363E1
1,366365000E1	-5,612331759E-2	-4,199755345E1
1,368033333E1	-2,670354633E-1	-4,213685415E1
1,369701667E1	-4,816775581E-1	-4,224024296E1
1,371370000E1	-7,038532343E-1	-4,236729595E1
1,373038333E1	-9,566586259E-1	-4,247794647E1
1,374706667E1	-1,243467515E0	-4,259618830E1
1,376375000E1	-1,551791152E0	-4,271786012E1
1,378043333E1	-1,872491346E0	-4,283698999E1
1,379711667E1	-2,201883459E0	-4,297835486E1
1,381380000E1	-2,523412776E0	-4,307731874E1
1,383048333E1	-2,898589593E0	-4,318993509E1
1,384716667E1	-3,276622121E0	-4,329624162E1
1,386385000E1	-3,690795063E0	-4,340354012E1
1,388053333E1	-4,078135284E0	-4,350644233E1
1,389721667E1	-4,520025296E0	-4,360144548E1
1,391390000E1	-4,934403932E0	-4,366407831E1
1,393058333E1	-5,367448325E0	-4,375986424E1
1,394726667E1	-5,809660059E0	-4,382864813E1
1,396395000E1	-6,261729892E0	-4,384942080E1
1,398063333E1	-6,695163170E0	-4,391404823E1
1,399731667E1	-7,179622010E0	-4,390163617E1
1,401400000E1	-7,617047049E0	-4,391793485E1
1,403068333E1	-8,085346759E0	-4,390019877E1
1,404736667E1	-8,534462657E0	-4,390025696E1
1,406405000E1	-8,967269539E0	-4,389459288E1
1,408073333E1	-9,375824046E0	-4,384618440E1
1,409741667E1	-9,794568539E0	-4,379834967E1
1,411410000E1	-1,020029564E1	-4,375454079E1
1,413078333E1	-1,059513509E1	-4,370070070E1
1,414746667E1	-1,097920796E1	-4,362973540E1
1,416415000E1	-1,133103107E1	-4,355154165E1
1,418083333E1	-1,165257247E1	-4,347040096E1
1,419751667E1	-1,205522101E1	-4,335514650E1
1,421420000E1	-1,239461149E1	-4,323896828E1
1,423088333E1	-1,274493522E1	-4,313993242E1
1,424756667E1	-1,307259667E1	-4,302904929E1
1,426425000E1	-1,339177764E1	-4,293132628E1
1,428093333E1	-1,369485690E1	-4,281811597E1
1,429761667E1	-1,395247210E1	-4,269578032E1
1,431430000E1	-1,420600468E1	-4,260117616E1
1,433098333E1	-1,445974788E1	-4,249034219E1
1,434766667E1	-1,467373606E1	-4,237054282E1
1,436435000E1	-1,480843783E1	-4,230171780E1
1,438103333E1	-1,496461237E1	-4,222108447E1
1,439771667E1	-1,509291646E1	-4,214115045E1
1,441440000E1	-1,521101038E1	-4,210182637E1
1,443108333E1	-1,529576224E1	-4,202808496E1
1,444776667E1	-1,535358773E1	-4,199094254E1
1,446445000E1	-1,540724576E1	-4,199390124E1
1,448113333E1	-1,541632073E1	-4,194936718E1
1,449781667E1	-1,541349156E1	-4,193367158E1
1,451450000E1	-1,541709521E1	-4,194499980E1
1,453118333E1	-1,539112692E1	-4,196054731E1
1,454786667E1	-1,532579970E1	-4,199644282E1
1,456455000E1	-1,524249564E1	-4,202486988E1
1,458123333E1	-1,514525181E1	-4,208365522E1
1,459791667E1	-1,500512164E1	-4,212895740E1
1,461460000E1	-1,488608934E1	-4,221507744E1
1,463128333E1	-1,474374214E1	-4,230123294E1
1,464796667E1	-1,457183489E1	-4,237077036E1
1,466465000E1	-1,437173422E1	-4,247547094E1
1,468133333E1	-1,416262492E1	-4,257601284E1
1,469801667E1	-1,394235947E1	-4,269618984E1
1,471470000E1	-1,368772638E1	-4,279412454E1
1,473138333E1	-1,342173993E1	-4,288897201E1
1,474806667E1	-1,311997583E1	-4,297881803E1
1,476475000E1	-1,282405976E1	-4,307940873E1
1,478143333E1	-1,248706659E1	-4,319157895E1
1,479811667E1	-1,217325686E1	-4,329769442E1
1,481480000E1	-1,183055172E1	-4,340196355E1
1,483148333E1	-1,146020346E1	-4,350131566E1
1,484816667E1	-1,109098753E1	-4,359834125E1
1,486485000E1	-1,070499324E1	-4,368134885E1
1,488153333E1	-1,030275339E1	-4,374341811E1
1,489821667E1	-9,898578551E0	-4,382839855E1
1,491490000E1	-9,472849253E0	-4,388763890E1
1,493158333E1	-9,057796563E0	-4,393396315E1
1,494826667E1	-8,637446756E0	-4,394109544E1
1,496495000E1	-8,213435685E0	-4,396048495E1
1,498163333E1	-7,780951561E0	-4,397412269E1
1,499831667E1	-7,380059472E0	-4,397585501E1
1,501500000E1	-6,928753708E0	-4,397859027E1
1,503168333E1	-6,500096020E0	-4,393822564E1
1,504836667E1	-6,079434989E0	-4,390944798E1
1,506505000E1	-5,665502507E0	-4,386793348E1
1,508173333E1	-5,292480474E0	-4,381084680E1
1,509841667E1	-4,908664774E0	-4,375828488E1
1,511510000E1	-4,580526107E0	-4,369612235E1
1,513178333E1	-4,257428143E0	-4,359009025E1
1,514846667E1	-3,928318421E0	-4,348421985E1
1,516515000E1	-3,595676900E0	-4,340828536E1
1,518183333E1	-3,224300364E0	-4,331670133E1
1,519851667E1	-2,907952992E0	-4,322203637E1
1,521520000E1	-2,598545700E0	-4,313394737E1
1,523188333E1	-2,295059109E0	-4,303024143E1
1,524856667E1	-1,995858532E0	-4,293005824E1
1,526525000E1	-1,692906224E0	-4,281887713E1
1,528193333E1	-1,453035204E0	-4,269007494E1
1,529861667E1	-1,220605775E0	-4,261080784E1
1,531530000E1	-1,040917606E0	-4,249515907E1
1,533198333E1	-8,746324799E-1	-4,243743494E1
1,534866667E1	-7,040716309E-1	-4,237194810E1
1,536535000E1	-5,686870793E-1	-4,226755215E1
1,538203333E1	-4,584609963E-1	-4,217120847E1
1,539871667E1	-3,398870884E-1	-4,212513216E1
1,541540000E1	-2,673852689E-1	-4,208275440E1
1,543208333E1	-1,898566850E-1	-4,204437331E1
1,544876667E1	-1,524100233E-1	-4,200566308E1
1,546545000E1	-1,082568500E-1	-4,202732794E1
1,548213333E1	-8,883991648E-2	-4,202748269E1
1,549881667E1	-8,396127809E-2	-4,203419332E1
1,551550000E1	-1,461202851E-1	-4,203078475E1
1,553218333E1	-1,869706197E-1	-4,206375800E1
1,554886667E1	-2,536402676E-1	-4,211032841E1
1,556555000E1	-3,533301205E-1	-4,214192146E1
1,558223333E1	-4,647777408E-1	-4,222549437E1
1,559891667E1	-5,739738491E-1	-4,234130696E1
1,561560000E1	-7,605518387E-1	-4,238481595E1
1,563228333E1	-8,984159310E-1	-4,247954514E1
1,564896667E1	-1,092848114E0	-4,258039046E1
1,566565000E1	-1,284324901E0	-4,268528911E1
1,568233333E1	-1,510517161E0	-4,280132440E1
1,569901667E1	-1,780098914E0	-4,285959151E1
1,571570000E1	-2,015780461E0	-4,298303063E1
1,573238333E1	-2,297467536E0	-4,306515064E1
1,574906667E1	-2,588426203E0	-4,316866237E1
1,576575000E1	-2,894032738E0	-4,328420806E1
1,578243333E1	-3,210396331E0	-4,338710403E1
1,579911667E1	-3,532671373E0	-4,349204625E1
1,581580000E1	-3,897225927E0	-4,355519054E1
